! MOLECULE
PO+ rotational line spectrumup to J=19 for mu = 3.13 D from Rivilla et al (2022) 
! MOLECULAR WEIGHT
47.0
! NUMBER OF ENERGY LEVELS
   20 
! LEVEL | ENERGY [CM-1] | WEIGHT | J
      1        0.000000      1.0   0
      2        1.568560      3.0   1
      3        4.705657      5.0   2
      4        9.411244      7.0   3
      5       15.685250      9.0   4
      6       23.527580     11.0   5
      7       32.938118     13.0   6
      8       43.916722     15.0   7
      9       56.463227     17.0   8
     10       70.577444     19.0   9
     11       86.259163     21.0   10
     12      103.508147     23.0   11
     13      122.324137     25.0   12
     14      142.706851     27.0   13
     15      164.655984     29.0   14
     16      188.171204     31.0   15
     17      213.252160     33.0   16
     18      239.898474     35.0   17
     19      268.109746     37.0   18 
     20      297.885553     39.0   19               
! NUMBER OF RADIATIVE TRANSITIONS
19
! TRANS | UP  | LOW | A_ul [s-1] |   FREQ [GHz]  |  E_up [K]
      1    2      1    3.953e-06     47.0242548     2.26 
      2    3      2    3.794e-05     94.0478037     6.77 
      3    4      3    1.372e-04    141.0699411     13.54 
      4    5      4    3.372e-04    188.0899611     22.57 
      5    6      5    6.736e-04    235.1071579     33.85     
      6    7      6    1.182e-03    282.1208258     47.39                                     
      7    8      7    1.897e-03    329.1302589     63.19                                     
      8    9      8    2.856e-03    376.1347514     81.24                                     
      9   10      9    4.092e-03    423.1335975     101.55                                     
     10   11     10    5.642e-03    470.1260915     124.11   
     11   12     11    7.541e-03    517.1115276     148.92  
     12   13     12    9.825e-03    564.0891999     176.00
     13   14     13    1.253e-02    611.0584026     205.32
     14   15     14    1.568e-02    658.0184301     236.90
     15   16     15    1.933e-02    704.9685764     270.74
     16   17     16    2.350e-02    751.9081357     306.82
     17   18     17    2.823e-02    798.8364024     345.16
     18   19     18    3.356e-02    845.7526705     385.75
     19   20     19    3.952e-02    892.6562344     428.59        
! NUMBER OF COLLISION PARTNERS
      1
! COLLISIONS BETWEEN
1 H2 - PO+ from Tonolo et al (2024) para-H2 calculations; doi = 10.1093/mnras/stad3140
! NUMBER OF COLLISIONAL TRANSITIONS
187
! NUMBER OF TEMPERATURES
40
! TEMPERATURES
5.0       10.0       15.0       20.0       25.0       30.0       35.0       40.0       45.0       50.0        55.0       60.0       65.0       70.0       75.0       80.0       85.0       90.0       95.0      100.0      105.0      110.0      115.0      120.0      125.0      130.0      135.0      140.0      145.0      150.0       155.0      160.0      165.0      170.0      175.0      180.0      185.0      190.0      195.0      200.0 
! TRANS | UP  | LOW | RATE COEFFICIENT [cm3.s-1]
1   2   1   1.766e-10   1.626e-10   1.544e-10   1.492e-10   1.460e-10   1.440e-10   1.429e-10   1.424e-10   1.423e-10   1.424e-10   1.428e-10   1.433e-10   1.440e-10   1.447e-10   1.455e-10   1.464e-10   1.473e-10   1.482e-10   1.492e-10   1.502e-10   1.512e-10   1.523e-10   1.534e-10   1.544e-10   1.555e-10   1.566e-10   1.577e-10   1.588e-10   1.599e-10   1.610e-10   1.622e-10   1.633e-10   1.644e-10   1.655e-10   1.666e-10   1.677e-10   1.688e-10   1.698e-10   1.709e-10   1.720e-10
2   3   1   1.631e-10   1.375e-10   1.203e-10   1.082e-10   9.930e-11   9.242e-11   8.695e-11   8.250e-11   7.884e-11   7.578e-11   7.319e-11   7.100e-11   6.912e-11   6.750e-11   6.610e-11   6.489e-11   6.383e-11   6.290e-11   6.208e-11   6.137e-11   6.073e-11   6.017e-11   5.967e-11   5.923e-11   5.883e-11   5.848e-11   5.816e-11   5.788e-11   5.763e-11   5.740e-11   5.720e-11   5.701e-11   5.685e-11   5.670e-11   5.656e-11   5.644e-11   5.633e-11   5.623e-11   5.614e-11   5.605e-11
3   3   2   4.029e-10   3.343e-10   2.994e-10   2.788e-10   2.652e-10   2.558e-10   2.490e-10   2.439e-10   2.401e-10   2.372e-10   2.349e-10   2.332e-10   2.319e-10   2.310e-10   2.303e-10   2.299e-10   2.297e-10   2.297e-10   2.298e-10   2.300e-10   2.304e-10   2.309e-10   2.315e-10   2.322e-10   2.329e-10   2.337e-10   2.346e-10   2.355e-10   2.364e-10   2.375e-10   2.385e-10   2.396e-10   2.406e-10   2.418e-10   2.429e-10   2.440e-10   2.452e-10   2.464e-10   2.475e-10   2.487e-10
4   4   1   7.039e-11   6.266e-11   5.766e-11   5.372e-11   5.048e-11   4.775e-11   4.540e-11   4.337e-11   4.157e-11   3.998e-11   3.856e-11   3.728e-11   3.613e-11   3.509e-11   3.415e-11   3.329e-11   3.251e-11   3.180e-11   3.116e-11   3.057e-11   3.003e-11   2.953e-11   2.908e-11   2.867e-11   2.830e-11   2.796e-11   2.765e-11   2.736e-11   2.710e-11   2.687e-11   2.665e-11   2.646e-11   2.628e-11   2.612e-11   2.597e-11   2.584e-11   2.572e-11   2.561e-11   2.551e-11   2.542e-11
5   4   2   3.318e-10   2.868e-10   2.532e-10   2.287e-10   2.101e-10   1.956e-10   1.839e-10   1.744e-10   1.665e-10   1.598e-10   1.541e-10   1.492e-10   1.449e-10   1.412e-10   1.379e-10   1.351e-10   1.325e-10   1.302e-10   1.281e-10   1.262e-10   1.246e-10   1.230e-10   1.216e-10   1.204e-10   1.192e-10   1.181e-10   1.171e-10   1.162e-10   1.153e-10   1.145e-10   1.138e-10   1.131e-10   1.125e-10   1.118e-10   1.113e-10   1.107e-10   1.102e-10   1.098e-10   1.093e-10   1.089e-10
6   4   3   4.165e-10   3.811e-10   3.550e-10   3.366e-10   3.232e-10   3.132e-10   3.054e-10   2.994e-10   2.945e-10   2.907e-10   2.876e-10   2.850e-10   2.830e-10   2.814e-10   2.801e-10   2.791e-10   2.783e-10   2.778e-10   2.775e-10   2.773e-10   2.773e-10   2.774e-10   2.777e-10   2.780e-10   2.784e-10   2.790e-10   2.796e-10   2.803e-10   2.810e-10   2.818e-10   2.826e-10   2.835e-10   2.844e-10   2.854e-10   2.864e-10   2.874e-10   2.884e-10   2.895e-10   2.906e-10   2.916e-10
7   5   1   7.127e-11   6.405e-11   5.779e-11   5.284e-11   4.891e-11   4.574e-11   4.312e-11   4.092e-11   3.905e-11   3.743e-11   3.602e-11   3.478e-11   3.368e-11   3.269e-11   3.179e-11   3.098e-11   3.025e-11   2.957e-11   2.895e-11   2.837e-11   2.784e-11   2.734e-11   2.687e-11   2.643e-11   2.602e-11   2.564e-11   2.527e-11   2.493e-11   2.460e-11   2.428e-11   2.399e-11   2.370e-11   2.343e-11   2.317e-11   2.292e-11   2.268e-11   2.244e-11   2.222e-11   2.200e-11   2.179e-11
8   5   2   1.752e-10   1.660e-10   1.552e-10   1.454e-10   1.370e-10   1.297e-10   1.233e-10   1.177e-10   1.127e-10   1.083e-10   1.044e-10   1.009e-10   9.767e-11   9.478e-11   9.215e-11   8.976e-11   8.757e-11   8.556e-11   8.372e-11   8.203e-11   8.048e-11   7.904e-11   7.772e-11   7.650e-11   7.537e-11   7.432e-11   7.335e-11   7.245e-11   7.162e-11   7.084e-11   7.012e-11   6.945e-11   6.883e-11   6.824e-11   6.770e-11   6.719e-11   6.671e-11   6.626e-11   6.584e-11   6.544e-11
9   5   3   3.436e-10   3.097e-10   2.844e-10   2.645e-10   2.484e-10   2.351e-10   2.239e-10   2.144e-10   2.062e-10   1.991e-10   1.929e-10   1.874e-10   1.826e-10   1.782e-10   1.744e-10   1.709e-10   1.677e-10   1.649e-10   1.623e-10   1.599e-10   1.577e-10   1.557e-10   1.538e-10   1.521e-10   1.505e-10   1.491e-10   1.477e-10   1.464e-10   1.452e-10   1.441e-10   1.430e-10   1.420e-10   1.411e-10   1.402e-10   1.394e-10   1.386e-10   1.379e-10   1.372e-10   1.365e-10   1.358e-10
10   5   4   3.818e-10   3.595e-10   3.441e-10   3.326e-10   3.239e-10   3.173e-10   3.121e-10   3.081e-10   3.049e-10   3.024e-10   3.004e-10   2.988e-10   2.976e-10   2.967e-10   2.961e-10   2.956e-10   2.953e-10   2.952e-10   2.953e-10   2.954e-10   2.957e-10   2.960e-10   2.965e-10   2.970e-10   2.976e-10   2.983e-10   2.990e-10   2.998e-10   3.006e-10   3.015e-10   3.024e-10   3.033e-10   3.042e-10   3.052e-10   3.062e-10   3.072e-10   3.083e-10   3.093e-10   3.103e-10   3.113e-10
11   6   1   4.574e-11   4.362e-11   4.114e-11   3.895e-11   3.702e-11   3.530e-11   3.378e-11   3.241e-11   3.119e-11   3.009e-11   2.910e-11   2.820e-11   2.739e-11   2.664e-11   2.596e-11   2.533e-11   2.476e-11   2.423e-11   2.373e-11   2.327e-11   2.285e-11   2.245e-11   2.208e-11   2.174e-11   2.141e-11   2.111e-11   2.082e-11   2.056e-11   2.030e-11   2.006e-11   1.984e-11   1.962e-11   1.942e-11   1.923e-11   1.904e-11   1.887e-11   1.870e-11   1.854e-11   1.839e-11   1.824e-11
12   6   2   1.357e-10   1.276e-10   1.199e-10   1.131e-10   1.071e-10   1.019e-10   9.731e-11   9.331e-11   8.976e-11   8.658e-11   8.372e-11   8.113e-11   7.877e-11   7.661e-11   7.463e-11   7.280e-11   7.112e-11   6.955e-11   6.809e-11   6.673e-11   6.546e-11   6.427e-11   6.315e-11   6.209e-11   6.109e-11   6.015e-11   5.925e-11   5.840e-11   5.759e-11   5.682e-11   5.609e-11   5.538e-11   5.471e-11   5.406e-11   5.344e-11   5.284e-11   5.227e-11   5.171e-11   5.118e-11   5.066e-11
13   6   3   2.167e-10   2.049e-10   1.918e-10   1.806e-10   1.712e-10   1.632e-10   1.564e-10   1.504e-10   1.451e-10   1.404e-10   1.361e-10   1.323e-10   1.288e-10   1.257e-10   1.227e-10   1.200e-10   1.176e-10   1.153e-10   1.132e-10   1.112e-10   1.093e-10   1.076e-10   1.060e-10   1.046e-10   1.032e-10   1.019e-10   1.006e-10   9.950e-11   9.843e-11   9.742e-11   9.647e-11   9.558e-11   9.473e-11   9.394e-11   9.318e-11   9.247e-11   9.179e-11   9.115e-11   9.053e-11   8.995e-11
14   6   4   3.422e-10   3.167e-10   2.952e-10   2.777e-10   2.633e-10   2.511e-10   2.408e-10   2.318e-10   2.241e-10   2.173e-10   2.112e-10   2.059e-10   2.011e-10   1.969e-10   1.930e-10   1.896e-10   1.864e-10   1.835e-10   1.809e-10   1.785e-10   1.763e-10   1.743e-10   1.724e-10   1.707e-10   1.691e-10   1.676e-10   1.662e-10   1.649e-10   1.637e-10   1.626e-10   1.615e-10   1.605e-10   1.595e-10   1.587e-10   1.578e-10   1.570e-10   1.563e-10   1.555e-10   1.549e-10   1.542e-10
15   6   5   3.455e-10   3.379e-10   3.304e-10   3.242e-10   3.193e-10   3.155e-10   3.124e-10   3.099e-10   3.080e-10   3.064e-10   3.053e-10   3.043e-10   3.037e-10   3.032e-10   3.029e-10   3.028e-10   3.028e-10   3.029e-10   3.031e-10   3.034e-10   3.038e-10   3.043e-10   3.048e-10   3.054e-10   3.061e-10   3.068e-10   3.076e-10   3.084e-10   3.092e-10   3.101e-10   3.111e-10   3.120e-10   3.130e-10   3.140e-10   3.150e-10   3.160e-10   3.170e-10   3.181e-10   3.191e-10   3.202e-10
16   7   1   3.107e-11   3.131e-11   3.020e-11   2.875e-11   2.733e-11   2.602e-11   2.484e-11   2.380e-11   2.286e-11   2.201e-11   2.125e-11   2.055e-11   1.992e-11   1.934e-11   1.881e-11   1.832e-11   1.787e-11   1.745e-11   1.706e-11   1.670e-11   1.636e-11   1.604e-11   1.574e-11   1.546e-11   1.520e-11   1.495e-11   1.471e-11   1.449e-11   1.427e-11   1.407e-11   1.388e-11   1.369e-11   1.352e-11   1.335e-11   1.319e-11   1.303e-11   1.288e-11   1.274e-11   1.260e-11   1.247e-11
17   7   2   9.536e-11   9.524e-11   9.217e-11   8.851e-11   8.493e-11   8.164e-11   7.868e-11   7.602e-11   7.365e-11   7.150e-11   6.956e-11   6.779e-11   6.616e-11   6.467e-11   6.328e-11   6.200e-11   6.080e-11   5.968e-11   5.863e-11   5.764e-11   5.671e-11   5.583e-11   5.501e-11   5.422e-11   5.348e-11   5.277e-11   5.210e-11   5.146e-11   5.085e-11   5.026e-11   4.971e-11   4.917e-11   4.865e-11   4.816e-11   4.768e-11   4.722e-11   4.677e-11   4.634e-11   4.592e-11   4.551e-11
18   7   3   1.719e-10   1.644e-10   1.563e-10   1.485e-10   1.415e-10   1.353e-10   1.298e-10   1.248e-10   1.204e-10   1.165e-10   1.129e-10   1.096e-10   1.066e-10   1.039e-10   1.014e-10   9.909e-11   9.696e-11   9.498e-11   9.314e-11   9.142e-11   8.982e-11   8.831e-11   8.690e-11   8.557e-11   8.432e-11   8.313e-11   8.201e-11   8.094e-11   7.993e-11   7.897e-11   7.805e-11   7.717e-11   7.632e-11   7.552e-11   7.475e-11   7.400e-11   7.329e-11   7.260e-11   7.193e-11   7.129e-11
19   7   4   2.248e-10   2.149e-10   2.052e-10   1.967e-10   1.893e-10   1.828e-10   1.769e-10   1.715e-10   1.666e-10   1.621e-10   1.579e-10   1.541e-10   1.505e-10   1.472e-10   1.441e-10   1.412e-10   1.385e-10   1.360e-10   1.336e-10   1.314e-10   1.293e-10   1.273e-10   1.255e-10   1.237e-10   1.221e-10   1.205e-10   1.191e-10   1.177e-10   1.164e-10   1.151e-10   1.140e-10   1.129e-10   1.118e-10   1.108e-10   1.098e-10   1.089e-10   1.081e-10   1.072e-10   1.064e-10   1.057e-10
20   7   5   3.280e-10   3.103e-10   2.942e-10   2.802e-10   2.681e-10   2.577e-10   2.486e-10   2.407e-10   2.337e-10   2.276e-10   2.221e-10   2.172e-10   2.129e-10   2.089e-10   2.054e-10   2.022e-10   1.993e-10   1.967e-10   1.943e-10   1.921e-10   1.900e-10   1.882e-10   1.864e-10   1.848e-10   1.833e-10   1.820e-10   1.807e-10   1.795e-10   1.783e-10   1.773e-10   1.763e-10   1.753e-10   1.744e-10   1.736e-10   1.728e-10   1.721e-10   1.713e-10   1.706e-10   1.700e-10   1.694e-10
21   7   6   3.110e-10   3.044e-10   2.990e-10   2.955e-10   2.933e-10   2.920e-10   2.911e-10   2.907e-10   2.905e-10   2.905e-10   2.907e-10   2.909e-10   2.913e-10   2.918e-10   2.923e-10   2.930e-10   2.936e-10   2.944e-10   2.951e-10   2.960e-10   2.968e-10   2.977e-10   2.987e-10   2.997e-10   3.007e-10   3.017e-10   3.028e-10   3.039e-10   3.050e-10   3.061e-10   3.073e-10   3.085e-10   3.096e-10   3.108e-10   3.120e-10   3.132e-10   3.144e-10   3.156e-10   3.168e-10   3.180e-10
22   8   1   2.318e-11   2.223e-11   2.178e-11   2.142e-11   2.107e-11   2.074e-11   2.042e-11   2.010e-11   1.978e-11   1.947e-11   1.917e-11   1.887e-11   1.858e-11   1.830e-11   1.802e-11   1.775e-11   1.748e-11   1.723e-11   1.697e-11   1.673e-11   1.649e-11   1.626e-11   1.604e-11   1.583e-11   1.561e-11   1.541e-11   1.521e-11   1.502e-11   1.483e-11   1.464e-11   1.446e-11   1.428e-11   1.410e-11   1.393e-11   1.376e-11   1.358e-11   1.341e-11   1.324e-11   1.307e-11   1.290e-11
23   8   2   7.521e-11   7.380e-11   7.094e-11   6.787e-11   6.492e-11   6.219e-11   5.970e-11   5.744e-11   5.540e-11   5.354e-11   5.186e-11   5.033e-11   4.893e-11   4.765e-11   4.648e-11   4.540e-11   4.440e-11   4.348e-11   4.263e-11   4.184e-11   4.110e-11   4.041e-11   3.977e-11   3.916e-11   3.859e-11   3.806e-11   3.755e-11   3.707e-11   3.662e-11   3.619e-11   3.578e-11   3.540e-11   3.503e-11   3.468e-11   3.434e-11   3.403e-11   3.372e-11   3.343e-11   3.315e-11   3.289e-11
24   8   3   1.363e-10   1.343e-10   1.303e-10   1.260e-10   1.218e-10   1.179e-10   1.142e-10   1.109e-10   1.078e-10   1.049e-10   1.023e-10   9.977e-11   9.745e-11   9.529e-11   9.325e-11   9.133e-11   8.953e-11   8.782e-11   8.621e-11   8.468e-11   8.323e-11   8.185e-11   8.054e-11   7.929e-11   7.810e-11   7.697e-11   7.589e-11   7.486e-11   7.387e-11   7.292e-11   7.201e-11   7.113e-11   7.029e-11   6.948e-11   6.870e-11   6.795e-11   6.722e-11   6.651e-11   6.582e-11   6.516e-11
25   8   4   1.912e-10   1.808e-10   1.715e-10   1.634e-10   1.564e-10   1.503e-10   1.449e-10   1.400e-10   1.357e-10   1.318e-10   1.283e-10   1.251e-10   1.222e-10   1.195e-10   1.170e-10   1.147e-10   1.126e-10   1.107e-10   1.089e-10   1.072e-10   1.056e-10   1.041e-10   1.027e-10   1.014e-10   1.002e-10   9.898e-11   9.786e-11   9.681e-11   9.580e-11   9.484e-11   9.392e-11   9.304e-11   9.220e-11   9.140e-11   9.062e-11   8.987e-11   8.915e-11   8.846e-11   8.779e-11   8.714e-11
26   8   5   2.370e-10   2.242e-10   2.140e-10   2.057e-10   1.985e-10   1.921e-10   1.864e-10   1.811e-10   1.763e-10   1.718e-10   1.677e-10   1.638e-10   1.602e-10   1.568e-10   1.536e-10   1.506e-10   1.478e-10   1.452e-10   1.427e-10   1.404e-10   1.382e-10   1.361e-10   1.342e-10   1.323e-10   1.306e-10   1.289e-10   1.274e-10   1.259e-10   1.245e-10   1.231e-10   1.219e-10   1.207e-10   1.195e-10   1.184e-10   1.174e-10   1.164e-10   1.154e-10   1.145e-10   1.136e-10   1.127e-10
27   8   6   3.077e-10   2.942e-10   2.815e-10   2.705e-10   2.611e-10   2.530e-10   2.461e-10   2.400e-10   2.346e-10   2.299e-10   2.256e-10   2.218e-10   2.184e-10   2.153e-10   2.124e-10   2.099e-10   2.075e-10   2.053e-10   2.033e-10   2.015e-10   1.997e-10   1.982e-10   1.967e-10   1.953e-10   1.940e-10   1.928e-10   1.916e-10   1.905e-10   1.895e-10   1.886e-10   1.877e-10   1.868e-10   1.860e-10   1.852e-10   1.845e-10   1.838e-10   1.831e-10   1.824e-10   1.818e-10   1.812e-10
28   8   7   2.630e-10   2.637e-10   2.631e-10   2.626e-10   2.625e-10   2.628e-10   2.634e-10   2.643e-10   2.653e-10   2.664e-10   2.676e-10   2.689e-10   2.702e-10   2.716e-10   2.730e-10   2.745e-10   2.759e-10   2.774e-10   2.789e-10   2.804e-10   2.819e-10   2.834e-10   2.850e-10   2.865e-10   2.881e-10   2.896e-10   2.912e-10   2.927e-10   2.943e-10   2.959e-10   2.974e-10   2.990e-10   3.005e-10   3.021e-10   3.036e-10   3.051e-10   3.067e-10   3.082e-10   3.096e-10   3.111e-10
29   9   1   1.955e-11   1.888e-11   1.806e-11   1.722e-11   1.643e-11   1.572e-11   1.509e-11   1.453e-11   1.405e-11   1.362e-11   1.324e-11   1.290e-11   1.259e-11   1.232e-11   1.208e-11   1.185e-11   1.165e-11   1.147e-11   1.130e-11   1.114e-11   1.100e-11   1.086e-11   1.074e-11   1.062e-11   1.051e-11   1.040e-11   1.031e-11   1.021e-11   1.012e-11   1.004e-11   9.952e-12   9.870e-12   9.791e-12   9.713e-12   9.636e-12   9.560e-12   9.484e-12   9.409e-12   9.333e-12   9.258e-12
30   9   2   7.141e-11   7.041e-11   6.818e-11   6.604e-11   6.413e-11   6.241e-11   6.083e-11   5.936e-11   5.798e-11   5.666e-11   5.541e-11   5.421e-11   5.306e-11   5.195e-11   5.089e-11   4.988e-11   4.890e-11   4.796e-11   4.706e-11   4.620e-11   4.537e-11   4.457e-11   4.381e-11   4.307e-11   4.236e-11   4.168e-11   4.103e-11   4.040e-11   3.980e-11   3.922e-11   3.866e-11   3.812e-11   3.760e-11   3.710e-11   3.662e-11   3.615e-11   3.571e-11   3.527e-11   3.485e-11   3.445e-11
31   9   3   1.019e-10   9.699e-11   9.259e-11   8.868e-11   8.519e-11   8.207e-11   7.928e-11   7.677e-11   7.452e-11   7.248e-11   7.064e-11   6.897e-11   6.744e-11   6.605e-11   6.478e-11   6.360e-11   6.252e-11   6.152e-11   6.060e-11   5.973e-11   5.893e-11   5.817e-11   5.746e-11   5.680e-11   5.617e-11   5.558e-11   5.502e-11   5.449e-11   5.399e-11   5.350e-11   5.305e-11   5.261e-11   5.219e-11   5.179e-11   5.141e-11   5.104e-11   5.069e-11   5.035e-11   5.003e-11   4.971e-11
32   9   4   1.598e-10   1.559e-10   1.512e-10   1.465e-10   1.419e-10   1.376e-10   1.336e-10   1.298e-10   1.263e-10   1.230e-10   1.200e-10   1.171e-10   1.144e-10   1.119e-10   1.095e-10   1.072e-10   1.051e-10   1.031e-10   1.012e-10   9.936e-11   9.763e-11   9.598e-11   9.442e-11   9.293e-11   9.150e-11   9.014e-11   8.884e-11   8.760e-11   8.641e-11   8.527e-11   8.418e-11   8.313e-11   8.211e-11   8.114e-11   8.020e-11   7.929e-11   7.840e-11   7.755e-11   7.672e-11   7.592e-11
33   9   5   1.935e-10   1.845e-10   1.773e-10   1.714e-10   1.661e-10   1.614e-10   1.571e-10   1.531e-10   1.495e-10   1.461e-10   1.431e-10   1.402e-10   1.376e-10   1.351e-10   1.328e-10   1.307e-10   1.287e-10   1.268e-10   1.251e-10   1.234e-10   1.219e-10   1.204e-10   1.190e-10   1.176e-10   1.164e-10   1.152e-10   1.140e-10   1.129e-10   1.118e-10   1.108e-10   1.098e-10   1.089e-10   1.080e-10   1.071e-10   1.062e-10   1.054e-10   1.046e-10   1.039e-10   1.031e-10   1.024e-10
34   9   6   2.066e-10   2.033e-10   1.968e-10   1.906e-10   1.851e-10   1.800e-10   1.754e-10   1.712e-10   1.673e-10   1.637e-10   1.603e-10   1.571e-10   1.542e-10   1.514e-10   1.487e-10   1.463e-10   1.440e-10   1.418e-10   1.397e-10   1.378e-10   1.359e-10   1.342e-10   1.325e-10   1.310e-10   1.295e-10   1.281e-10   1.268e-10   1.256e-10   1.244e-10   1.232e-10   1.222e-10   1.211e-10   1.201e-10   1.192e-10   1.183e-10   1.174e-10   1.166e-10   1.158e-10   1.150e-10   1.143e-10
35   9   7   2.704e-10   2.712e-10   2.676e-10   2.625e-10   2.573e-10   2.522e-10   2.475e-10   2.431e-10   2.391e-10   2.354e-10   2.321e-10   2.290e-10   2.261e-10   2.235e-10   2.210e-10   2.188e-10   2.167e-10   2.147e-10   2.129e-10   2.112e-10   2.096e-10   2.081e-10   2.067e-10   2.054e-10   2.041e-10   2.029e-10   2.018e-10   2.007e-10   1.997e-10   1.988e-10   1.979e-10   1.970e-10   1.962e-10   1.954e-10   1.946e-10   1.939e-10   1.932e-10   1.926e-10   1.919e-10   1.913e-10
36   9   8   2.331e-10   2.314e-10   2.307e-10   2.312e-10   2.326e-10   2.344e-10   2.366e-10   2.390e-10   2.414e-10   2.439e-10   2.464e-10   2.489e-10   2.514e-10   2.538e-10   2.562e-10   2.586e-10   2.609e-10   2.632e-10   2.654e-10   2.676e-10   2.698e-10   2.720e-10   2.741e-10   2.762e-10   2.783e-10   2.803e-10   2.824e-10   2.844e-10   2.864e-10   2.883e-10   2.903e-10   2.922e-10   2.941e-10   2.960e-10   2.979e-10   2.997e-10   3.015e-10   3.033e-10   3.050e-10   3.067e-10
37   10   1   2.129e-11   2.096e-11   2.055e-11   2.015e-11   1.973e-11   1.930e-11   1.885e-11   1.839e-11   1.794e-11   1.749e-11   1.706e-11   1.663e-11   1.623e-11   1.583e-11   1.545e-11   1.509e-11   1.474e-11   1.440e-11   1.408e-11   1.378e-11   1.348e-11   1.320e-11   1.293e-11   1.267e-11   1.242e-11   1.218e-11   1.194e-11   1.172e-11   1.150e-11   1.129e-11   1.109e-11   1.089e-11   1.070e-11   1.051e-11   1.032e-11   1.014e-11   9.957e-12   9.780e-12   9.604e-12   9.429e-12
38   10   2   4.668e-11   4.601e-11   4.450e-11   4.286e-11   4.129e-11   3.986e-11   3.857e-11   3.743e-11   3.641e-11   3.551e-11   3.471e-11   3.400e-11   3.337e-11   3.280e-11   3.229e-11   3.182e-11   3.140e-11   3.102e-11   3.067e-11   3.035e-11   3.005e-11   2.978e-11   2.952e-11   2.928e-11   2.906e-11   2.885e-11   2.865e-11   2.846e-11   2.828e-11   2.811e-11   2.794e-11   2.778e-11   2.763e-11   2.748e-11   2.734e-11   2.720e-11   2.706e-11   2.693e-11   2.680e-11   2.667e-11
39   10   3   9.737e-11   9.511e-11   9.242e-11   8.994e-11   8.763e-11   8.544e-11   8.335e-11   8.135e-11   7.943e-11   7.758e-11   7.581e-11   7.411e-11   7.247e-11   7.090e-11   6.940e-11   6.796e-11   6.658e-11   6.525e-11   6.398e-11   6.276e-11   6.159e-11   6.047e-11   5.940e-11   5.837e-11   5.738e-11   5.643e-11   5.552e-11   5.464e-11   5.380e-11   5.298e-11   5.220e-11   5.145e-11   5.072e-11   5.002e-11   4.934e-11   4.868e-11   4.804e-11   4.743e-11   4.683e-11   4.625e-11
40   10   4   1.112e-10   1.072e-10   1.041e-10   1.014e-10   9.891e-11   9.659e-11   9.442e-11   9.240e-11   9.052e-11   8.877e-11   8.715e-11   8.564e-11   8.423e-11   8.292e-11   8.170e-11   8.056e-11   7.948e-11   7.848e-11   7.753e-11   7.663e-11   7.578e-11   7.498e-11   7.421e-11   7.349e-11   7.279e-11   7.213e-11   7.150e-11   7.089e-11   7.030e-11   6.974e-11   6.920e-11   6.868e-11   6.817e-11   6.768e-11   6.721e-11   6.675e-11   6.631e-11   6.588e-11   6.546e-11   6.505e-11
41   10   5   1.634e-10   1.572e-10   1.512e-10   1.458e-10   1.410e-10   1.368e-10   1.330e-10   1.296e-10   1.264e-10   1.235e-10   1.208e-10   1.183e-10   1.159e-10   1.136e-10   1.115e-10   1.095e-10   1.076e-10   1.058e-10   1.041e-10   1.025e-10   1.009e-10   9.947e-11   9.805e-11   9.670e-11   9.541e-11   9.417e-11   9.299e-11   9.185e-11   9.076e-11   8.971e-11   8.871e-11   8.773e-11   8.680e-11   8.589e-11   8.502e-11   8.417e-11   8.335e-11   8.255e-11   8.177e-11   8.102e-11
42   10   6   1.919e-10   1.923e-10   1.887e-10   1.843e-10   1.800e-10   1.758e-10   1.719e-10   1.682e-10   1.647e-10   1.615e-10   1.585e-10   1.557e-10   1.530e-10   1.506e-10   1.482e-10   1.460e-10   1.440e-10   1.420e-10   1.402e-10   1.384e-10   1.367e-10   1.351e-10   1.336e-10   1.322e-10   1.308e-10   1.295e-10   1.282e-10   1.270e-10   1.258e-10   1.247e-10   1.236e-10   1.225e-10   1.215e-10   1.205e-10   1.195e-10   1.186e-10   1.177e-10   1.168e-10   1.159e-10   1.151e-10
43   10   7   1.833e-10   1.814e-10   1.788e-10   1.758e-10   1.727e-10   1.696e-10   1.666e-10   1.637e-10   1.609e-10   1.583e-10   1.557e-10   1.534e-10   1.511e-10   1.489e-10   1.469e-10   1.449e-10   1.431e-10   1.413e-10   1.397e-10   1.381e-10   1.366e-10   1.352e-10   1.338e-10   1.325e-10   1.313e-10   1.301e-10   1.290e-10   1.280e-10   1.270e-10   1.260e-10   1.251e-10   1.243e-10   1.234e-10   1.226e-10   1.219e-10   1.211e-10   1.204e-10   1.197e-10   1.191e-10   1.184e-10
44   10   8   2.606e-10   2.613e-10   2.592e-10   2.556e-10   2.516e-10   2.475e-10   2.436e-10   2.398e-10   2.363e-10   2.331e-10   2.300e-10   2.272e-10   2.245e-10   2.220e-10   2.198e-10   2.176e-10   2.156e-10   2.138e-10   2.120e-10   2.104e-10   2.089e-10   2.074e-10   2.061e-10   2.048e-10   2.036e-10   2.025e-10   2.015e-10   2.005e-10   1.995e-10   1.986e-10   1.978e-10   1.969e-10   1.962e-10   1.954e-10   1.947e-10   1.941e-10   1.934e-10   1.928e-10   1.923e-10   1.917e-10
45   10   9   2.107e-10   2.106e-10   2.112e-10   2.127e-10   2.149e-10   2.176e-10   2.204e-10   2.234e-10   2.265e-10   2.296e-10   2.326e-10   2.356e-10   2.385e-10   2.414e-10   2.443e-10   2.470e-10   2.498e-10   2.524e-10   2.551e-10   2.576e-10   2.602e-10   2.627e-10   2.651e-10   2.675e-10   2.699e-10   2.722e-10   2.745e-10   2.767e-10   2.790e-10   2.812e-10   2.833e-10   2.854e-10   2.875e-10   2.896e-10   2.916e-10   2.935e-10   2.955e-10   2.974e-10   2.992e-10   3.010e-10
46   11   1   1.252e-11   1.227e-11   1.176e-11   1.128e-11   1.089e-11   1.058e-11   1.035e-11   1.016e-11   1.000e-11   9.877e-12   9.770e-12   9.676e-12   9.594e-12   9.520e-12   9.452e-12   9.391e-12   9.333e-12   9.280e-12   9.230e-12   9.182e-12   9.137e-12   9.093e-12   9.051e-12   9.010e-12   8.970e-12   8.929e-12   8.888e-12   8.846e-12   8.803e-12   8.758e-12   8.710e-12   8.660e-12   8.607e-12   8.551e-12   8.491e-12   8.426e-12   8.358e-12   8.285e-12   8.207e-12   8.124e-12
47   11   2   6.124e-11   5.756e-11   5.489e-11   5.273e-11   5.082e-11   4.905e-11   4.742e-11   4.588e-11   4.444e-11   4.308e-11   4.180e-11   4.060e-11   3.946e-11   3.838e-11   3.736e-11   3.640e-11   3.548e-11   3.461e-11   3.378e-11   3.300e-11   3.225e-11   3.153e-11   3.085e-11   3.019e-11   2.957e-11   2.897e-11   2.839e-11   2.784e-11   2.730e-11   2.679e-11   2.629e-11   2.580e-11   2.532e-11   2.486e-11   2.441e-11   2.396e-11   2.352e-11   2.309e-11   2.266e-11   2.223e-11
48   11   3   6.302e-11   6.249e-11   6.102e-11   5.944e-11   5.797e-11   5.665e-11   5.547e-11   5.443e-11   5.350e-11   5.267e-11   5.192e-11   5.125e-11   5.063e-11   5.007e-11   4.955e-11   4.908e-11   4.863e-11   4.821e-11   4.783e-11   4.746e-11   4.711e-11   4.678e-11   4.646e-11   4.616e-11   4.587e-11   4.559e-11   4.532e-11   4.505e-11   4.480e-11   4.455e-11   4.430e-11   4.406e-11   4.382e-11   4.359e-11   4.336e-11   4.313e-11   4.290e-11   4.267e-11   4.245e-11   4.222e-11
49   11   4   1.003e-10   9.858e-11   9.642e-11   9.448e-11   9.268e-11   9.094e-11   8.924e-11   8.755e-11   8.590e-11   8.427e-11   8.268e-11   8.112e-11   7.960e-11   7.813e-11   7.670e-11   7.532e-11   7.399e-11   7.270e-11   7.145e-11   7.025e-11   6.909e-11   6.798e-11   6.690e-11   6.586e-11   6.486e-11   6.389e-11   6.295e-11   6.204e-11   6.116e-11   6.031e-11   5.947e-11   5.866e-11   5.787e-11   5.709e-11   5.633e-11   5.558e-11   5.485e-11   5.412e-11   5.340e-11   5.269e-11
50   11   5   1.272e-10   1.278e-10   1.258e-10   1.233e-10   1.207e-10   1.182e-10   1.159e-10   1.136e-10   1.115e-10   1.094e-10   1.076e-10   1.058e-10   1.041e-10   1.025e-10   1.010e-10   9.959e-11   9.825e-11   9.699e-11   9.578e-11   9.464e-11   9.355e-11   9.251e-11   9.152e-11   9.058e-11   8.967e-11   8.880e-11   8.797e-11   8.717e-11   8.640e-11   8.567e-11   8.495e-11   8.427e-11   8.361e-11   8.297e-11   8.235e-11   8.175e-11   8.117e-11   8.061e-11   8.007e-11   7.954e-11
51   11   6   1.469e-10   1.458e-10   1.428e-10   1.395e-10   1.363e-10   1.333e-10   1.306e-10   1.280e-10   1.256e-10   1.234e-10   1.212e-10   1.192e-10   1.173e-10   1.155e-10   1.138e-10   1.121e-10   1.105e-10   1.090e-10   1.075e-10   1.061e-10   1.048e-10   1.035e-10   1.023e-10   1.011e-10   9.994e-11   9.883e-11   9.776e-11   9.672e-11   9.572e-11   9.475e-11   9.380e-11   9.288e-11   9.198e-11   9.110e-11   9.023e-11   8.938e-11   8.854e-11   8.772e-11   8.690e-11   8.608e-11
52   11   7   1.968e-10   1.995e-10   1.967e-10   1.926e-10   1.883e-10   1.840e-10   1.798e-10   1.759e-10   1.722e-10   1.688e-10   1.655e-10   1.625e-10   1.596e-10   1.569e-10   1.544e-10   1.520e-10   1.497e-10   1.476e-10   1.456e-10   1.437e-10   1.419e-10   1.402e-10   1.386e-10   1.371e-10   1.356e-10   1.342e-10   1.329e-10   1.316e-10   1.303e-10   1.292e-10   1.280e-10   1.269e-10   1.259e-10   1.249e-10   1.239e-10   1.229e-10   1.220e-10   1.211e-10   1.203e-10   1.194e-10
53   11   8   1.634e-10   1.654e-10   1.647e-10   1.634e-10   1.617e-10   1.599e-10   1.580e-10   1.561e-10   1.543e-10   1.524e-10   1.506e-10   1.489e-10   1.472e-10   1.456e-10   1.440e-10   1.425e-10   1.411e-10   1.397e-10   1.384e-10   1.371e-10   1.359e-10   1.348e-10   1.337e-10   1.326e-10   1.316e-10   1.307e-10   1.297e-10   1.288e-10   1.280e-10   1.272e-10   1.264e-10   1.256e-10   1.248e-10   1.241e-10   1.234e-10   1.227e-10   1.220e-10   1.213e-10   1.206e-10   1.199e-10
54   11   9   2.379e-10   2.419e-10   2.408e-10   2.382e-10   2.351e-10   2.318e-10   2.286e-10   2.255e-10   2.227e-10   2.200e-10   2.175e-10   2.152e-10   2.130e-10   2.110e-10   2.091e-10   2.074e-10   2.058e-10   2.043e-10   2.029e-10   2.016e-10   2.004e-10   1.992e-10   1.982e-10   1.972e-10   1.962e-10   1.954e-10   1.945e-10   1.937e-10   1.930e-10   1.923e-10   1.917e-10   1.910e-10   1.904e-10   1.899e-10   1.893e-10   1.888e-10   1.883e-10   1.879e-10   1.874e-10   1.870e-10
55   11   10   1.771e-10   1.829e-10   1.866e-10   1.904e-10   1.944e-10   1.984e-10   2.024e-10   2.063e-10   2.102e-10   2.139e-10   2.176e-10   2.212e-10   2.247e-10   2.280e-10   2.313e-10   2.345e-10   2.377e-10   2.407e-10   2.437e-10   2.466e-10   2.494e-10   2.522e-10   2.550e-10   2.576e-10   2.603e-10   2.628e-10   2.654e-10   2.678e-10   2.703e-10   2.727e-10   2.750e-10   2.773e-10   2.796e-10   2.818e-10   2.840e-10   2.862e-10   2.883e-10   2.903e-10   2.923e-10   2.943e-10
56   12   1   1.852e-11   1.668e-11   1.550e-11   1.458e-11   1.382e-11   1.316e-11   1.260e-11   1.209e-11   1.164e-11   1.123e-11   1.086e-11   1.051e-11   1.018e-11   9.872e-12   9.583e-12   9.311e-12   9.053e-12   8.810e-12   8.579e-12   8.360e-12   8.152e-12   7.953e-12   7.764e-12   7.581e-12   7.406e-12   7.236e-12   7.071e-12   6.909e-12   6.750e-12   6.591e-12   6.433e-12   6.274e-12   6.113e-12   5.949e-12   5.782e-12   5.611e-12   5.434e-12   5.252e-12   5.064e-12   4.869e-12
57   12   2   3.299e-11   3.206e-11   3.137e-11   3.077e-11   3.026e-11   2.983e-11   2.947e-11   2.916e-11   2.890e-11   2.867e-11   2.846e-11   2.828e-11   2.810e-11   2.794e-11   2.778e-11   2.763e-11   2.749e-11   2.735e-11   2.721e-11   2.708e-11   2.694e-11   2.681e-11   2.668e-11   2.655e-11   2.642e-11   2.629e-11   2.616e-11   2.603e-11   2.589e-11   2.575e-11   2.560e-11   2.545e-11   2.529e-11   2.512e-11   2.495e-11   2.477e-11   2.458e-11   2.439e-11   2.418e-11   2.396e-11
58   12   3   7.905e-11   7.475e-11   7.110e-11   6.801e-11   6.530e-11   6.290e-11   6.072e-11   5.874e-11   5.691e-11   5.521e-11   5.363e-11   5.215e-11   5.077e-11   4.946e-11   4.823e-11   4.707e-11   4.596e-11   4.492e-11   4.393e-11   4.299e-11   4.209e-11   4.124e-11   4.042e-11   3.964e-11   3.890e-11   3.819e-11   3.750e-11   3.685e-11   3.622e-11   3.561e-11   3.502e-11   3.445e-11   3.390e-11   3.336e-11   3.284e-11   3.233e-11   3.183e-11   3.134e-11   3.085e-11   3.038e-11
59   12   4   8.892e-11   8.823e-11   8.648e-11   8.447e-11   8.247e-11   8.060e-11   7.889e-11   7.733e-11   7.591e-11   7.461e-11   7.342e-11   7.233e-11   7.133e-11   7.040e-11   6.953e-11   6.872e-11   6.797e-11   6.725e-11   6.658e-11   6.594e-11   6.534e-11   6.476e-11   6.421e-11   6.368e-11   6.317e-11   6.268e-11   6.221e-11   6.175e-11   6.131e-11   6.087e-11   6.045e-11   6.003e-11   5.963e-11   5.923e-11   5.883e-11   5.844e-11   5.806e-11   5.767e-11   5.730e-11   5.692e-11
60   12   5   1.079e-10   1.056e-10   1.032e-10   1.009e-10   9.886e-11   9.695e-11   9.518e-11   9.350e-11   9.189e-11   9.034e-11   8.884e-11   8.739e-11   8.597e-11   8.460e-11   8.327e-11   8.197e-11   8.072e-11   7.950e-11   7.832e-11   7.718e-11   7.608e-11   7.501e-11   7.397e-11   7.296e-11   7.199e-11   7.104e-11   7.012e-11   6.923e-11   6.836e-11   6.751e-11   6.668e-11   6.587e-11   6.507e-11   6.429e-11   6.351e-11   6.275e-11   6.199e-11   6.125e-11   6.050e-11   5.976e-11
61   12   6   1.451e-10   1.420e-10   1.384e-10   1.347e-10   1.313e-10   1.280e-10   1.251e-10   1.223e-10   1.198e-10   1.174e-10   1.152e-10   1.131e-10   1.112e-10   1.095e-10   1.078e-10   1.062e-10   1.047e-10   1.033e-10   1.020e-10   1.008e-10   9.961e-11   9.849e-11   9.742e-11   9.641e-11   9.543e-11   9.450e-11   9.361e-11   9.274e-11   9.191e-11   9.110e-11   9.032e-11   8.956e-11   8.882e-11   8.809e-11   8.738e-11   8.668e-11   8.600e-11   8.532e-11   8.465e-11   8.398e-11
62   12   7   1.429e-10   1.397e-10   1.371e-10   1.347e-10   1.326e-10   1.307e-10   1.288e-10   1.271e-10   1.254e-10   1.238e-10   1.222e-10   1.207e-10   1.192e-10   1.177e-10   1.163e-10   1.149e-10   1.136e-10   1.123e-10   1.110e-10   1.098e-10   1.086e-10   1.075e-10   1.064e-10   1.053e-10   1.043e-10   1.033e-10   1.023e-10   1.013e-10   1.004e-10   9.947e-11   9.859e-11   9.772e-11   9.688e-11   9.604e-11   9.523e-11   9.442e-11   9.363e-11   9.284e-11   9.207e-11   9.130e-11
63   12   8   1.886e-10   1.901e-10   1.882e-10   1.851e-10   1.816e-10   1.780e-10   1.746e-10   1.712e-10   1.680e-10   1.650e-10   1.621e-10   1.594e-10   1.569e-10   1.544e-10   1.522e-10   1.500e-10   1.480e-10   1.461e-10   1.443e-10   1.425e-10   1.409e-10   1.393e-10   1.378e-10   1.364e-10   1.350e-10   1.337e-10   1.325e-10   1.313e-10   1.301e-10   1.290e-10   1.279e-10   1.268e-10   1.257e-10   1.247e-10   1.237e-10   1.227e-10   1.218e-10   1.208e-10   1.198e-10   1.189e-10
64   12   9   1.562e-10   1.534e-10   1.531e-10   1.527e-10   1.521e-10   1.512e-10   1.502e-10   1.490e-10   1.478e-10   1.466e-10   1.453e-10   1.441e-10   1.428e-10   1.416e-10   1.404e-10   1.393e-10   1.382e-10   1.371e-10   1.360e-10   1.350e-10   1.340e-10   1.331e-10   1.322e-10   1.313e-10   1.305e-10   1.297e-10   1.289e-10   1.281e-10   1.274e-10   1.267e-10   1.260e-10   1.254e-10   1.247e-10   1.241e-10   1.234e-10   1.228e-10   1.222e-10   1.216e-10   1.209e-10   1.203e-10
65   12   10   2.237e-10   2.236e-10   2.232e-10   2.219e-10   2.202e-10   2.183e-10   2.163e-10   2.143e-10   2.124e-10   2.106e-10   2.088e-10   2.072e-10   2.056e-10   2.042e-10   2.028e-10   2.015e-10   2.003e-10   1.992e-10   1.982e-10   1.972e-10   1.963e-10   1.954e-10   1.946e-10   1.938e-10   1.931e-10   1.924e-10   1.917e-10   1.911e-10   1.905e-10   1.900e-10   1.894e-10   1.889e-10   1.884e-10   1.879e-10   1.874e-10   1.869e-10   1.864e-10   1.859e-10   1.855e-10   1.850e-10
66   12   11   1.606e-10   1.616e-10   1.652e-10   1.696e-10   1.744e-10   1.792e-10   1.839e-10   1.885e-10   1.929e-10   1.973e-10   2.014e-10   2.055e-10   2.094e-10   2.132e-10   2.169e-10   2.205e-10   2.240e-10   2.274e-10   2.307e-10   2.339e-10   2.371e-10   2.402e-10   2.432e-10   2.461e-10   2.490e-10   2.518e-10   2.546e-10   2.573e-10   2.599e-10   2.625e-10   2.651e-10   2.676e-10   2.700e-10   2.724e-10   2.748e-10   2.771e-10   2.793e-10   2.815e-10   2.836e-10   2.857e-10
67   13   1   8.510e-12   9.028e-12   9.378e-12   9.593e-12   9.722e-12   9.796e-12   9.832e-12   9.843e-12   9.835e-12   9.814e-12   9.782e-12   9.743e-12   9.697e-12   9.647e-12   9.593e-12   9.537e-12   9.478e-12   9.419e-12   9.358e-12   9.297e-12   9.236e-12   9.174e-12   9.111e-12   9.048e-12   8.985e-12   8.920e-12   8.855e-12   8.788e-12   8.719e-12   8.648e-12   8.575e-12   8.498e-12   8.419e-12   8.337e-12   8.250e-12   8.160e-12   8.065e-12   7.966e-12   7.863e-12   7.755e-12
68   13   2   3.845e-11   3.526e-11   3.316e-11   3.147e-11   2.999e-11   2.867e-11   2.749e-11   2.643e-11   2.546e-11   2.459e-11   2.378e-11   2.304e-11   2.236e-11   2.173e-11   2.114e-11   2.059e-11   2.007e-11   1.959e-11   1.913e-11   1.870e-11   1.830e-11   1.791e-11   1.755e-11   1.720e-11   1.687e-11   1.655e-11   1.624e-11   1.595e-11   1.566e-11   1.538e-11   1.511e-11   1.484e-11   1.457e-11   1.431e-11   1.405e-11   1.379e-11   1.353e-11   1.326e-11   1.300e-11   1.273e-11
69   13   3   5.564e-11   5.596e-11   5.571e-11   5.510e-11   5.434e-11   5.357e-11   5.282e-11   5.210e-11   5.143e-11   5.080e-11   5.021e-11   4.965e-11   4.912e-11   4.861e-11   4.813e-11   4.767e-11   4.722e-11   4.680e-11   4.639e-11   4.599e-11   4.561e-11   4.523e-11   4.487e-11   4.451e-11   4.416e-11   4.381e-11   4.346e-11   4.312e-11   4.276e-11   4.241e-11   4.205e-11   4.167e-11   4.129e-11   4.090e-11   4.049e-11   4.006e-11   3.962e-11   3.916e-11   3.868e-11   3.818e-11
70   13   4   7.363e-11   7.548e-11   7.478e-11   7.335e-11   7.171e-11   7.002e-11   6.833e-11   6.669e-11   6.510e-11   6.357e-11   6.210e-11   6.069e-11   5.935e-11   5.806e-11   5.683e-11   5.565e-11   5.453e-11   5.346e-11   5.243e-11   5.145e-11   5.051e-11   4.962e-11   4.876e-11   4.794e-11   4.715e-11   4.639e-11   4.567e-11   4.497e-11   4.430e-11   4.366e-11   4.304e-11   4.245e-11   4.187e-11   4.132e-11   4.078e-11   4.026e-11   3.976e-11   3.927e-11   3.880e-11   3.834e-11
71   13   5   9.939e-11   9.921e-11   9.773e-11   9.567e-11   9.345e-11   9.125e-11   8.918e-11   8.725e-11   8.549e-11   8.387e-11   8.239e-11   8.104e-11   7.979e-11   7.864e-11   7.758e-11   7.660e-11   7.568e-11   7.483e-11   7.403e-11   7.327e-11   7.257e-11   7.190e-11   7.126e-11   7.066e-11   7.008e-11   6.953e-11   6.901e-11   6.850e-11   6.802e-11   6.755e-11   6.710e-11   6.666e-11   6.623e-11   6.582e-11   6.542e-11   6.502e-11   6.464e-11   6.426e-11   6.389e-11   6.353e-11
72   13   6   1.050e-10   1.033e-10   1.022e-10   1.012e-10   1.001e-10   9.904e-11   9.790e-11   9.674e-11   9.555e-11   9.436e-11   9.316e-11   9.195e-11   9.075e-11   8.957e-11   8.839e-11   8.723e-11   8.610e-11   8.498e-11   8.389e-11   8.282e-11   8.178e-11   8.076e-11   7.977e-11   7.880e-11   7.786e-11   7.695e-11   7.605e-11   7.518e-11   7.432e-11   7.349e-11   7.267e-11   7.187e-11   7.109e-11   7.032e-11   6.956e-11   6.881e-11   6.807e-11   6.733e-11   6.661e-11   6.589e-11
73   13   7   1.396e-10   1.382e-10   1.356e-10   1.325e-10   1.293e-10   1.262e-10   1.234e-10   1.207e-10   1.182e-10   1.160e-10   1.139e-10   1.119e-10   1.101e-10   1.085e-10   1.069e-10   1.054e-10   1.040e-10   1.028e-10   1.015e-10   1.004e-10   9.930e-11   9.828e-11   9.730e-11   9.637e-11   9.549e-11   9.464e-11   9.382e-11   9.304e-11   9.229e-11   9.156e-11   9.086e-11   9.017e-11   8.950e-11   8.885e-11   8.822e-11   8.759e-11   8.698e-11   8.637e-11   8.577e-11   8.518e-11
74   13   8   1.354e-10   1.334e-10   1.319e-10   1.303e-10   1.287e-10   1.271e-10   1.255e-10   1.241e-10   1.227e-10   1.213e-10   1.200e-10   1.187e-10   1.175e-10   1.163e-10   1.151e-10   1.139e-10   1.128e-10   1.117e-10   1.106e-10   1.095e-10   1.085e-10   1.075e-10   1.065e-10   1.056e-10   1.047e-10   1.038e-10   1.029e-10   1.020e-10   1.012e-10   1.003e-10   9.954e-11   9.874e-11   9.796e-11   9.719e-11   9.643e-11   9.568e-11   9.494e-11   9.420e-11   9.346e-11   9.273e-11
75   13   9   1.787e-10   1.806e-10   1.794e-10   1.771e-10   1.744e-10   1.716e-10   1.688e-10   1.661e-10   1.635e-10   1.610e-10   1.586e-10   1.563e-10   1.541e-10   1.521e-10   1.501e-10   1.482e-10   1.465e-10   1.448e-10   1.432e-10   1.416e-10   1.402e-10   1.388e-10   1.375e-10   1.362e-10   1.350e-10   1.338e-10   1.327e-10   1.316e-10   1.305e-10   1.295e-10   1.285e-10   1.276e-10   1.267e-10   1.257e-10   1.249e-10   1.240e-10   1.232e-10   1.223e-10   1.215e-10   1.207e-10
76   13   10   1.475e-10   1.453e-10   1.444e-10   1.440e-10   1.438e-10   1.435e-10   1.431e-10   1.425e-10   1.419e-10   1.412e-10   1.405e-10   1.397e-10   1.388e-10   1.380e-10   1.372e-10   1.363e-10   1.355e-10   1.347e-10   1.338e-10   1.331e-10   1.323e-10   1.315e-10   1.308e-10   1.301e-10   1.294e-10   1.288e-10   1.281e-10   1.275e-10   1.269e-10   1.264e-10   1.258e-10   1.253e-10   1.247e-10   1.242e-10   1.237e-10   1.232e-10   1.227e-10   1.222e-10   1.218e-10   1.213e-10
77   13   11   2.099e-10   2.128e-10   2.132e-10   2.126e-10   2.114e-10   2.101e-10   2.087e-10   2.073e-10   2.059e-10   2.046e-10   2.032e-10   2.020e-10   2.008e-10   1.997e-10   1.986e-10   1.976e-10   1.966e-10   1.957e-10   1.949e-10   1.940e-10   1.933e-10   1.926e-10   1.919e-10   1.913e-10   1.907e-10   1.901e-10   1.896e-10   1.890e-10   1.885e-10   1.881e-10   1.876e-10   1.872e-10   1.867e-10   1.863e-10   1.859e-10   1.855e-10   1.851e-10   1.847e-10   1.843e-10   1.839e-10
78   13   12   1.462e-10   1.491e-10   1.529e-10   1.575e-10   1.623e-10   1.672e-10   1.720e-10   1.767e-10   1.813e-10   1.858e-10   1.902e-10   1.944e-10   1.986e-10   2.026e-10   2.066e-10   2.104e-10   2.141e-10   2.177e-10   2.213e-10   2.247e-10   2.281e-10   2.313e-10   2.346e-10   2.377e-10   2.408e-10   2.438e-10   2.467e-10   2.496e-10   2.524e-10   2.552e-10   2.579e-10   2.605e-10   2.631e-10   2.657e-10   2.682e-10   2.706e-10   2.730e-10   2.753e-10   2.775e-10   2.797e-10
79   14   1   6.691e-12   6.503e-12   6.359e-12   6.254e-12   6.147e-12   6.029e-12   5.905e-12   5.777e-12   5.650e-12   5.525e-12   5.405e-12   5.289e-12   5.178e-12   5.073e-12   4.973e-12   4.877e-12   4.787e-12   4.701e-12   4.619e-12   4.541e-12   4.467e-12   4.397e-12   4.329e-12   4.265e-12   4.204e-12   4.145e-12   4.089e-12   4.034e-12   3.982e-12   3.932e-12   3.882e-12   3.835e-12   3.788e-12   3.743e-12   3.698e-12   3.654e-12   3.610e-12   3.567e-12   3.525e-12   3.482e-12
80   14   2   3.214e-11   3.307e-11   3.362e-11   3.392e-11   3.396e-11   3.384e-11   3.359e-11   3.328e-11   3.292e-11   3.255e-11   3.216e-11   3.178e-11   3.139e-11   3.102e-11   3.065e-11   3.029e-11   2.994e-11   2.960e-11   2.927e-11   2.896e-11   2.865e-11   2.834e-11   2.805e-11   2.777e-11   2.749e-11   2.721e-11   2.694e-11   2.667e-11   2.641e-11   2.615e-11   2.589e-11   2.562e-11   2.536e-11   2.510e-11   2.483e-11   2.456e-11   2.429e-11   2.401e-11   2.373e-11   2.345e-11
81   14   3   4.176e-11   4.165e-11   4.047e-11   3.918e-11   3.794e-11   3.679e-11   3.573e-11   3.475e-11   3.385e-11   3.300e-11   3.221e-11   3.147e-11   3.077e-11   3.011e-11   2.948e-11   2.889e-11   2.832e-11   2.779e-11   2.728e-11   2.679e-11   2.633e-11   2.588e-11   2.545e-11   2.504e-11   2.464e-11   2.426e-11   2.388e-11   2.351e-11   2.315e-11   2.279e-11   2.244e-11   2.208e-11   2.173e-11   2.137e-11   2.101e-11   2.064e-11   2.027e-11   1.989e-11   1.950e-11   1.910e-11
82   14   4   6.624e-11   6.787e-11   6.740e-11   6.647e-11   6.541e-11   6.435e-11   6.333e-11   6.237e-11   6.147e-11   6.064e-11   5.986e-11   5.913e-11   5.844e-11   5.780e-11   5.719e-11   5.662e-11   5.608e-11   5.556e-11   5.506e-11   5.459e-11   5.414e-11   5.370e-11   5.327e-11   5.286e-11   5.246e-11   5.206e-11   5.167e-11   5.129e-11   5.090e-11   5.051e-11   5.012e-11   4.972e-11   4.932e-11   4.891e-11   4.849e-11   4.805e-11   4.761e-11   4.715e-11   4.667e-11   4.618e-11
83   14   5   7.377e-11   7.808e-11   7.821e-11   7.724e-11   7.590e-11   7.442e-11   7.292e-11   7.142e-11   6.997e-11   6.856e-11   6.720e-11   6.589e-11   6.463e-11   6.342e-11   6.226e-11   6.115e-11   6.008e-11   5.905e-11   5.806e-11   5.710e-11   5.619e-11   5.530e-11   5.445e-11   5.362e-11   5.282e-11   5.203e-11   5.127e-11   5.053e-11   4.980e-11   4.907e-11   4.836e-11   4.765e-11   4.695e-11   4.624e-11   4.554e-11   4.483e-11   4.411e-11   4.339e-11   4.266e-11   4.192e-11
84   14   6   8.889e-11   9.531e-11   9.604e-11   9.505e-11   9.347e-11   9.173e-11   9.000e-11   8.835e-11   8.681e-11   8.539e-11   8.409e-11   8.288e-11   8.177e-11   8.074e-11   7.979e-11   7.890e-11   7.807e-11   7.729e-11   7.657e-11   7.588e-11   7.523e-11   7.461e-11   7.402e-11   7.346e-11   7.291e-11   7.238e-11   7.186e-11   7.136e-11   7.086e-11   7.036e-11   6.987e-11   6.937e-11   6.886e-11   6.835e-11   6.784e-11   6.731e-11   6.676e-11   6.621e-11   6.564e-11   6.505e-11
85   14   7   9.447e-11   1.010e-10   1.024e-10   1.025e-10   1.020e-10   1.013e-10   1.004e-10   9.944e-11   9.840e-11   9.732e-11   9.621e-11   9.509e-11   9.396e-11   9.283e-11   9.170e-11   9.058e-11   8.948e-11   8.840e-11   8.733e-11   8.629e-11   8.527e-11   8.427e-11   8.329e-11   8.234e-11   8.141e-11   8.051e-11   7.963e-11   7.877e-11   7.793e-11   7.711e-11   7.631e-11   7.552e-11   7.476e-11   7.401e-11   7.328e-11   7.256e-11   7.185e-11   7.116e-11   7.047e-11   6.980e-11
86   14   8   1.257e-10   1.323e-10   1.330e-10   1.318e-10   1.298e-10   1.275e-10   1.252e-10   1.229e-10   1.207e-10   1.186e-10   1.167e-10   1.148e-10   1.131e-10   1.115e-10   1.100e-10   1.086e-10   1.073e-10   1.061e-10   1.049e-10   1.038e-10   1.027e-10   1.017e-10   1.008e-10   9.985e-11   9.897e-11   9.811e-11   9.728e-11   9.647e-11   9.567e-11   9.488e-11   9.410e-11   9.332e-11   9.254e-11   9.175e-11   9.095e-11   9.015e-11   8.933e-11   8.849e-11   8.764e-11   8.677e-11
87   14   9   1.244e-10   1.269e-10   1.264e-10   1.255e-10   1.244e-10   1.233e-10   1.223e-10   1.212e-10   1.202e-10   1.191e-10   1.181e-10   1.171e-10   1.161e-10   1.152e-10   1.142e-10   1.132e-10   1.123e-10   1.114e-10   1.105e-10   1.096e-10   1.087e-10   1.078e-10   1.070e-10   1.061e-10   1.053e-10   1.045e-10   1.037e-10   1.029e-10   1.021e-10   1.013e-10   1.005e-10   9.966e-11   9.885e-11   9.803e-11   9.721e-11   9.637e-11   9.552e-11   9.466e-11   9.378e-11   9.289e-11
88   14   10   1.678e-10   1.738e-10   1.735e-10   1.719e-10   1.699e-10   1.678e-10   1.655e-10   1.633e-10   1.611e-10   1.590e-10   1.570e-10   1.550e-10   1.531e-10   1.513e-10   1.495e-10   1.479e-10   1.463e-10   1.447e-10   1.433e-10   1.419e-10   1.405e-10   1.392e-10   1.380e-10   1.368e-10   1.356e-10   1.345e-10   1.335e-10   1.324e-10   1.314e-10   1.305e-10   1.295e-10   1.286e-10   1.277e-10   1.268e-10   1.260e-10   1.251e-10   1.243e-10   1.235e-10   1.227e-10   1.219e-10
89   14   11   1.288e-10   1.357e-10   1.381e-10   1.392e-10   1.396e-10   1.397e-10   1.396e-10   1.393e-10   1.389e-10   1.384e-10   1.379e-10   1.373e-10   1.367e-10   1.360e-10   1.354e-10   1.347e-10   1.341e-10   1.334e-10   1.328e-10   1.322e-10   1.316e-10   1.310e-10   1.304e-10   1.298e-10   1.293e-10   1.288e-10   1.282e-10   1.278e-10   1.273e-10   1.268e-10   1.264e-10   1.259e-10   1.255e-10   1.251e-10   1.247e-10   1.243e-10   1.239e-10   1.236e-10   1.232e-10   1.229e-10
90   14   12   1.859e-10   1.953e-10   1.980e-10   1.988e-10   1.988e-10   1.985e-10   1.979e-10   1.973e-10   1.966e-10   1.958e-10   1.951e-10   1.943e-10   1.936e-10   1.929e-10   1.921e-10   1.915e-10   1.908e-10   1.902e-10   1.896e-10   1.890e-10   1.884e-10   1.879e-10   1.874e-10   1.869e-10   1.865e-10   1.860e-10   1.856e-10   1.853e-10   1.849e-10   1.846e-10   1.842e-10   1.839e-10   1.836e-10   1.834e-10   1.831e-10   1.829e-10   1.827e-10   1.825e-10   1.823e-10   1.821e-10
91   14   13   1.254e-10   1.345e-10   1.392e-10   1.437e-10   1.483e-10   1.531e-10   1.579e-10   1.628e-10   1.676e-10   1.723e-10   1.769e-10   1.814e-10   1.858e-10   1.901e-10   1.943e-10   1.984e-10   2.023e-10   2.062e-10   2.099e-10   2.136e-10   2.172e-10   2.207e-10   2.241e-10   2.274e-10   2.307e-10   2.339e-10   2.370e-10   2.401e-10   2.431e-10   2.460e-10   2.489e-10   2.518e-10   2.545e-10   2.572e-10   2.599e-10   2.625e-10   2.650e-10   2.675e-10   2.700e-10   2.724e-10
92   15   1   5.593e-12   9.854e-12   1.158e-11   1.227e-11   1.248e-11   1.244e-11   1.229e-11   1.207e-11   1.183e-11   1.159e-11   1.135e-11   1.113e-11   1.091e-11   1.070e-11   1.051e-11   1.033e-11   1.016e-11   9.998e-12   9.846e-12   9.703e-12   9.567e-12   9.439e-12   9.318e-12   9.204e-12   9.098e-12   8.998e-12   8.905e-12   8.819e-12   8.741e-12   8.670e-12   8.607e-12   8.551e-12   8.504e-12   8.465e-12   8.435e-12   8.413e-12   8.400e-12   8.395e-12   8.400e-12   8.413e-12
93   15   2   6.905e-12   1.193e-11   1.385e-11   1.458e-11   1.481e-11   1.480e-11   1.467e-11   1.449e-11   1.429e-11   1.408e-11   1.387e-11   1.366e-11   1.346e-11   1.327e-11   1.309e-11   1.291e-11   1.274e-11   1.258e-11   1.243e-11   1.228e-11   1.213e-11   1.200e-11   1.187e-11   1.174e-11   1.162e-11   1.151e-11   1.140e-11   1.129e-11   1.120e-11   1.110e-11   1.102e-11   1.093e-11   1.085e-11   1.078e-11   1.071e-11   1.065e-11   1.059e-11   1.054e-11   1.049e-11   1.045e-11
94   15   3   2.328e-11   3.690e-11   4.163e-11   4.362e-11   4.446e-11   4.473e-11   4.467e-11   4.444e-11   4.410e-11   4.370e-11   4.327e-11   4.282e-11   4.237e-11   4.192e-11   4.147e-11   4.104e-11   4.061e-11   4.019e-11   3.978e-11   3.939e-11   3.900e-11   3.863e-11   3.826e-11   3.790e-11   3.755e-11   3.720e-11   3.686e-11   3.652e-11   3.618e-11   3.584e-11   3.550e-11   3.516e-11   3.481e-11   3.446e-11   3.411e-11   3.375e-11   3.338e-11   3.300e-11   3.262e-11   3.222e-11
95   15   4   2.198e-11   3.504e-11   3.903e-11   4.038e-11   4.073e-11   4.062e-11   4.028e-11   3.980e-11   3.926e-11   3.868e-11   3.808e-11   3.749e-11   3.689e-11   3.631e-11   3.574e-11   3.518e-11   3.464e-11   3.412e-11   3.361e-11   3.312e-11   3.265e-11   3.219e-11   3.174e-11   3.131e-11   3.089e-11   3.048e-11   3.007e-11   2.968e-11   2.929e-11   2.891e-11   2.853e-11   2.815e-11   2.777e-11   2.739e-11   2.701e-11   2.663e-11   2.625e-11   2.586e-11   2.546e-11   2.506e-11
96   15   5   3.267e-11   5.170e-11   5.792e-11   6.041e-11   6.146e-11   6.185e-11   6.189e-11   6.173e-11   6.148e-11   6.115e-11   6.080e-11   6.043e-11   6.005e-11   5.967e-11   5.929e-11   5.892e-11   5.856e-11   5.820e-11   5.785e-11   5.751e-11   5.717e-11   5.684e-11   5.652e-11   5.619e-11   5.588e-11   5.556e-11   5.524e-11   5.493e-11   5.460e-11   5.428e-11   5.395e-11   5.361e-11   5.326e-11   5.290e-11   5.253e-11   5.214e-11   5.175e-11   5.133e-11   5.091e-11   5.047e-11
97   15   6   3.545e-11   5.901e-11   6.803e-11   7.191e-11   7.351e-11   7.394e-11   7.374e-11   7.317e-11   7.239e-11   7.148e-11   7.049e-11   6.947e-11   6.843e-11   6.738e-11   6.635e-11   6.533e-11   6.433e-11   6.335e-11   6.240e-11   6.147e-11   6.056e-11   5.968e-11   5.881e-11   5.797e-11   5.714e-11   5.633e-11   5.553e-11   5.473e-11   5.394e-11   5.316e-11   5.237e-11   5.157e-11   5.077e-11   4.996e-11   4.914e-11   4.830e-11   4.744e-11   4.656e-11   4.567e-11   4.475e-11
98   15   7   4.214e-11   6.926e-11   7.926e-11   8.348e-11   8.523e-11   8.577e-11   8.570e-11   8.530e-11   8.472e-11   8.406e-11   8.337e-11   8.267e-11   8.198e-11   8.131e-11   8.066e-11   8.004e-11   7.944e-11   7.887e-11   7.833e-11   7.780e-11   7.730e-11   7.681e-11   7.634e-11   7.588e-11   7.543e-11   7.499e-11   7.456e-11   7.413e-11   7.369e-11   7.326e-11   7.282e-11   7.237e-11   7.191e-11   7.145e-11   7.096e-11   7.047e-11   6.996e-11   6.943e-11   6.888e-11   6.831e-11
99   15   8   4.380e-11   7.284e-11   8.481e-11   9.075e-11   9.394e-11   9.565e-11   9.650e-11   9.679e-11   9.672e-11   9.640e-11   9.589e-11   9.525e-11   9.452e-11   9.372e-11   9.288e-11   9.200e-11   9.110e-11   9.018e-11   8.926e-11   8.833e-11   8.741e-11   8.649e-11   8.557e-11   8.465e-11   8.374e-11   8.282e-11   8.191e-11   8.099e-11   8.005e-11   7.911e-11   7.815e-11   7.718e-11   7.618e-11   7.516e-11   7.410e-11   7.302e-11   7.191e-11   7.076e-11   6.957e-11   6.835e-11
100   15   9   6.038e-11   9.716e-11   1.099e-10   1.151e-10   1.171e-10   1.176e-10   1.173e-10   1.166e-10   1.156e-10   1.145e-10   1.134e-10   1.122e-10   1.111e-10   1.099e-10   1.088e-10   1.078e-10   1.067e-10   1.057e-10   1.048e-10   1.039e-10   1.030e-10   1.021e-10   1.013e-10   1.005e-10   9.968e-11   9.890e-11   9.814e-11   9.738e-11   9.662e-11   9.586e-11   9.510e-11   9.432e-11   9.354e-11   9.273e-11   9.191e-11   9.107e-11   9.020e-11   8.931e-11   8.839e-11   8.744e-11
101   15   10   5.749e-11   9.217e-11   1.042e-10   1.094e-10   1.120e-10   1.133e-10   1.140e-10   1.142e-10   1.142e-10   1.140e-10   1.136e-10   1.132e-10   1.127e-10   1.122e-10   1.116e-10   1.110e-10   1.104e-10   1.098e-10   1.091e-10   1.085e-10   1.078e-10   1.071e-10   1.065e-10   1.058e-10   1.051e-10   1.044e-10   1.038e-10   1.031e-10   1.024e-10   1.017e-10   1.010e-10   1.003e-10   9.956e-11   9.882e-11   9.806e-11   9.729e-11   9.650e-11   9.569e-11   9.486e-11   9.401e-11
102   15   11   7.617e-11   1.245e-10   1.418e-10   1.490e-10   1.521e-10   1.533e-10   1.533e-10   1.528e-10   1.519e-10   1.509e-10   1.497e-10   1.485e-10   1.472e-10   1.459e-10   1.446e-10   1.434e-10   1.421e-10   1.409e-10   1.397e-10   1.386e-10   1.374e-10   1.363e-10   1.352e-10   1.341e-10   1.331e-10   1.320e-10   1.309e-10   1.299e-10   1.288e-10   1.277e-10   1.266e-10   1.255e-10   1.243e-10   1.231e-10   1.219e-10   1.206e-10   1.193e-10   1.179e-10   1.164e-10   1.150e-10
103   15   12   5.534e-11   9.170e-11   1.071e-10   1.152e-10   1.201e-10   1.233e-10   1.254e-10   1.269e-10   1.278e-10   1.285e-10   1.289e-10   1.291e-10   1.292e-10   1.292e-10   1.291e-10   1.290e-10   1.288e-10   1.285e-10   1.282e-10   1.280e-10   1.277e-10   1.274e-10   1.271e-10   1.267e-10   1.264e-10   1.261e-10   1.258e-10   1.255e-10   1.252e-10   1.249e-10   1.246e-10   1.244e-10   1.241e-10   1.238e-10   1.236e-10   1.233e-10   1.231e-10   1.228e-10   1.226e-10   1.223e-10
104   15   13   8.675e-11   1.415e-10   1.619e-10   1.713e-10   1.763e-10   1.792e-10   1.809e-10   1.820e-10   1.827e-10   1.831e-10   1.833e-10   1.834e-10   1.833e-10   1.832e-10   1.831e-10   1.829e-10   1.826e-10   1.824e-10   1.821e-10   1.819e-10   1.816e-10   1.813e-10   1.811e-10   1.808e-10   1.805e-10   1.803e-10   1.800e-10   1.798e-10   1.795e-10   1.792e-10   1.790e-10   1.787e-10   1.785e-10   1.782e-10   1.780e-10   1.777e-10   1.775e-10   1.772e-10   1.769e-10   1.766e-10
105   15   14   5.447e-11   9.210e-11   1.089e-10   1.193e-10   1.272e-10   1.340e-10   1.402e-10   1.461e-10   1.517e-10   1.570e-10   1.622e-10   1.672e-10   1.720e-10   1.767e-10   1.812e-10   1.856e-10   1.898e-10   1.940e-10   1.980e-10   2.019e-10   2.057e-10   2.094e-10   2.130e-10   2.165e-10   2.200e-10   2.233e-10   2.266e-10   2.298e-10   2.329e-10   2.360e-10   2.389e-10   2.418e-10   2.446e-10   2.474e-10   2.501e-10   2.527e-10   2.552e-10   2.577e-10   2.601e-10   2.624e-10
106   16   1   6.134e-12   6.327e-12   5.874e-12   5.424e-12   5.072e-12   4.812e-12   4.621e-12   4.478e-12   4.368e-12   4.280e-12   4.206e-12   4.143e-12   4.087e-12   4.036e-12   3.989e-12   3.945e-12   3.902e-12   3.862e-12   3.822e-12   3.784e-12   3.746e-12   3.708e-12   3.670e-12   3.631e-12   3.591e-12   3.548e-12   3.504e-12   3.457e-12   3.406e-12   3.351e-12   3.291e-12   3.227e-12   3.156e-12   3.080e-12   2.997e-12   2.907e-12   2.811e-12   2.707e-12   2.595e-12   2.476e-12
107   16   2   3.650e-11   3.510e-11   3.373e-11   3.255e-11   3.147e-11   3.048e-11   2.958e-11   2.877e-11   2.802e-11   2.735e-11   2.672e-11   2.615e-11   2.562e-11   2.514e-11   2.468e-11   2.426e-11   2.386e-11   2.348e-11   2.313e-11   2.280e-11   2.248e-11   2.218e-11   2.189e-11   2.161e-11   2.134e-11   2.108e-11   2.082e-11   2.057e-11   2.033e-11   2.008e-11   1.983e-11   1.958e-11   1.933e-11   1.908e-11   1.882e-11   1.856e-11   1.829e-11   1.801e-11   1.773e-11   1.744e-11
108   16   3   2.615e-11   2.577e-11   2.499e-11   2.437e-11   2.385e-11   2.338e-11   2.295e-11   2.255e-11   2.217e-11   2.181e-11   2.147e-11   2.115e-11   2.085e-11   2.056e-11   2.028e-11   2.002e-11   1.976e-11   1.952e-11   1.929e-11   1.906e-11   1.884e-11   1.864e-11   1.843e-11   1.824e-11   1.805e-11   1.786e-11   1.768e-11   1.750e-11   1.733e-11   1.715e-11   1.698e-11   1.681e-11   1.664e-11   1.647e-11   1.631e-11   1.614e-11   1.596e-11   1.579e-11   1.562e-11   1.544e-11
109   16   4   5.761e-11   5.773e-11   5.694e-11   5.617e-11   5.538e-11   5.460e-11   5.382e-11   5.307e-11   5.234e-11   5.165e-11   5.098e-11   5.034e-11   4.974e-11   4.915e-11   4.860e-11   4.807e-11   4.755e-11   4.706e-11   4.659e-11   4.614e-11   4.570e-11   4.527e-11   4.486e-11   4.445e-11   4.405e-11   4.366e-11   4.327e-11   4.288e-11   4.249e-11   4.210e-11   4.171e-11   4.130e-11   4.089e-11   4.047e-11   4.004e-11   3.959e-11   3.913e-11   3.866e-11   3.816e-11   3.766e-11
110   16   5   5.087e-11   5.194e-11   5.150e-11   5.085e-11   5.008e-11   4.926e-11   4.842e-11   4.757e-11   4.673e-11   4.591e-11   4.511e-11   4.433e-11   4.357e-11   4.284e-11   4.214e-11   4.146e-11   4.080e-11   4.016e-11   3.955e-11   3.896e-11   3.838e-11   3.783e-11   3.729e-11   3.676e-11   3.624e-11   3.574e-11   3.523e-11   3.474e-11   3.424e-11   3.375e-11   3.325e-11   3.275e-11   3.224e-11   3.172e-11   3.119e-11   3.065e-11   3.010e-11   2.953e-11   2.894e-11   2.834e-11
111   16   6   7.464e-11   7.465e-11   7.345e-11   7.244e-11   7.156e-11   7.076e-11   7.003e-11   6.935e-11   6.873e-11   6.814e-11   6.759e-11   6.707e-11   6.658e-11   6.611e-11   6.566e-11   6.523e-11   6.481e-11   6.441e-11   6.402e-11   6.364e-11   6.328e-11   6.291e-11   6.256e-11   6.220e-11   6.185e-11   6.150e-11   6.114e-11   6.078e-11   6.041e-11   6.004e-11   5.964e-11   5.924e-11   5.882e-11   5.838e-11   5.792e-11   5.744e-11   5.694e-11   5.641e-11   5.586e-11   5.529e-11
112   16   7   7.914e-11   8.242e-11   8.325e-11   8.321e-11   8.265e-11   8.178e-11   8.074e-11   7.960e-11   7.840e-11   7.719e-11   7.597e-11   7.476e-11   7.357e-11   7.240e-11   7.125e-11   7.013e-11   6.904e-11   6.798e-11   6.695e-11   6.594e-11   6.497e-11   6.401e-11   6.308e-11   6.216e-11   6.125e-11   6.036e-11   5.947e-11   5.858e-11   5.768e-11   5.678e-11   5.586e-11   5.493e-11   5.397e-11   5.299e-11   5.198e-11   5.094e-11   4.986e-11   4.875e-11   4.760e-11   4.640e-11
113   16   8   9.641e-11   9.917e-11   9.880e-11   9.790e-11   9.679e-11   9.559e-11   9.437e-11   9.318e-11   9.204e-11   9.095e-11   8.992e-11   8.896e-11   8.805e-11   8.720e-11   8.639e-11   8.563e-11   8.491e-11   8.422e-11   8.357e-11   8.295e-11   8.236e-11   8.178e-11   8.123e-11   8.069e-11   8.016e-11   7.964e-11   7.912e-11   7.861e-11   7.809e-11   7.757e-11   7.704e-11   7.649e-11   7.594e-11   7.536e-11   7.477e-11   7.416e-11   7.353e-11   7.287e-11   7.219e-11   7.148e-11
114   16   9   1.016e-10   1.052e-10   1.057e-10   1.058e-10   1.057e-10   1.053e-10   1.048e-10   1.042e-10   1.034e-10   1.026e-10   1.018e-10   1.008e-10   9.988e-11   9.890e-11   9.790e-11   9.690e-11   9.589e-11   9.488e-11   9.387e-11   9.288e-11   9.189e-11   9.090e-11   8.992e-11   8.894e-11   8.796e-11   8.698e-11   8.599e-11   8.498e-11   8.396e-11   8.292e-11   8.186e-11   8.076e-11   7.963e-11   7.846e-11   7.725e-11   7.599e-11   7.469e-11   7.333e-11   7.192e-11   7.046e-11
115   16   10   1.209e-10   1.279e-10   1.283e-10   1.275e-10   1.261e-10   1.245e-10   1.229e-10   1.212e-10   1.196e-10   1.180e-10   1.165e-10   1.150e-10   1.137e-10   1.123e-10   1.111e-10   1.099e-10   1.087e-10   1.076e-10   1.066e-10   1.056e-10   1.046e-10   1.037e-10   1.028e-10   1.019e-10   1.010e-10   1.002e-10   9.932e-11   9.848e-11   9.763e-11   9.678e-11   9.591e-11   9.502e-11   9.412e-11   9.318e-11   9.222e-11   9.123e-11   9.020e-11   8.914e-11   8.803e-11   8.689e-11
116   16   11   1.103e-10   1.181e-10   1.195e-10   1.196e-10   1.192e-10   1.188e-10   1.183e-10   1.177e-10   1.172e-10   1.167e-10   1.161e-10   1.155e-10   1.149e-10   1.143e-10   1.137e-10   1.131e-10   1.124e-10   1.118e-10   1.112e-10   1.105e-10   1.098e-10   1.092e-10   1.085e-10   1.079e-10   1.072e-10   1.065e-10   1.058e-10   1.051e-10   1.044e-10   1.037e-10   1.030e-10   1.022e-10   1.014e-10   1.006e-10   9.976e-11   9.890e-11   9.800e-11   9.708e-11   9.611e-11   9.511e-11
117   16   12   1.443e-10   1.565e-10   1.595e-10   1.599e-10   1.592e-10   1.579e-10   1.564e-10   1.547e-10   1.531e-10   1.514e-10   1.497e-10   1.481e-10   1.466e-10   1.451e-10   1.436e-10   1.422e-10   1.409e-10   1.396e-10   1.383e-10   1.371e-10   1.359e-10   1.348e-10   1.336e-10   1.325e-10   1.314e-10   1.304e-10   1.293e-10   1.282e-10   1.271e-10   1.260e-10   1.249e-10   1.238e-10   1.226e-10   1.214e-10   1.202e-10   1.189e-10   1.175e-10   1.162e-10   1.147e-10   1.132e-10
118   16   13   1.094e-10   1.166e-10   1.193e-10   1.211e-10   1.225e-10   1.235e-10   1.244e-10   1.250e-10   1.255e-10   1.258e-10   1.261e-10   1.263e-10   1.263e-10   1.264e-10   1.263e-10   1.263e-10   1.261e-10   1.260e-10   1.258e-10   1.256e-10   1.254e-10   1.252e-10   1.250e-10   1.247e-10   1.244e-10   1.242e-10   1.238e-10   1.235e-10   1.232e-10   1.228e-10   1.224e-10   1.220e-10   1.215e-10   1.210e-10   1.205e-10   1.199e-10   1.193e-10   1.187e-10   1.180e-10   1.172e-10
119   16   14   1.621e-10   1.772e-10   1.818e-10   1.835e-10   1.840e-10   1.840e-10   1.838e-10   1.835e-10   1.832e-10   1.828e-10   1.825e-10   1.821e-10   1.817e-10   1.813e-10   1.809e-10   1.805e-10   1.802e-10   1.798e-10   1.795e-10   1.791e-10   1.788e-10   1.785e-10   1.782e-10   1.779e-10   1.776e-10   1.773e-10   1.770e-10   1.767e-10   1.764e-10   1.761e-10   1.758e-10   1.755e-10   1.752e-10   1.749e-10   1.746e-10   1.742e-10   1.739e-10   1.735e-10   1.731e-10   1.727e-10
120   16   15   9.605e-11   1.080e-10   1.147e-10   1.201e-10   1.252e-10   1.302e-10   1.353e-10   1.404e-10   1.454e-10   1.504e-10   1.552e-10   1.600e-10   1.647e-10   1.693e-10   1.737e-10   1.781e-10   1.823e-10   1.864e-10   1.904e-10   1.944e-10   1.982e-10   2.019e-10   2.056e-10   2.092e-10   2.127e-10   2.161e-10   2.194e-10   2.227e-10   2.259e-10   2.291e-10   2.321e-10   2.352e-10   2.381e-10   2.410e-10   2.439e-10   2.467e-10   2.494e-10   2.521e-10   2.548e-10   2.573e-10
121   17   1   1.140e-11   1.027e-11   9.282e-12   8.644e-12   8.186e-12   7.820e-12   7.509e-12   7.237e-12   6.996e-12   6.781e-12   6.589e-12   6.416e-12   6.261e-12   6.122e-12   5.995e-12   5.881e-12   5.777e-12   5.683e-12   5.596e-12   5.518e-12   5.446e-12   5.381e-12   5.322e-12   5.269e-12   5.222e-12   5.181e-12   5.146e-12   5.117e-12   5.094e-12   5.078e-12   5.068e-12   5.066e-12   5.070e-12   5.081e-12   5.099e-12   5.125e-12   5.158e-12   5.199e-12   5.247e-12   5.303e-12
122   17   2   1.523e-11   1.448e-11   1.377e-11   1.332e-11   1.298e-11   1.270e-11   1.245e-11   1.222e-11   1.201e-11   1.181e-11   1.163e-11   1.146e-11   1.131e-11   1.116e-11   1.102e-11   1.089e-11   1.077e-11   1.065e-11   1.054e-11   1.043e-11   1.033e-11   1.024e-11   1.015e-11   1.006e-11   9.983e-12   9.907e-12   9.836e-12   9.770e-12   9.709e-12   9.654e-12   9.604e-12   9.560e-12   9.522e-12   9.490e-12   9.463e-12   9.443e-12   9.429e-12   9.421e-12   9.419e-12   9.423e-12
123   17   3   4.744e-11   4.576e-11   4.394e-11   4.237e-11   4.097e-11   3.972e-11   3.858e-11   3.756e-11   3.664e-11   3.580e-11   3.503e-11   3.433e-11   3.369e-11   3.309e-11   3.254e-11   3.203e-11   3.155e-11   3.111e-11   3.069e-11   3.029e-11   2.992e-11   2.956e-11   2.922e-11   2.890e-11   2.858e-11   2.828e-11   2.798e-11   2.769e-11   2.741e-11   2.713e-11   2.685e-11   2.656e-11   2.628e-11   2.599e-11   2.570e-11   2.541e-11   2.511e-11   2.480e-11   2.448e-11   2.416e-11
124   17   4   3.219e-11   3.204e-11   3.138e-11   3.076e-11   3.019e-11   2.964e-11   2.913e-11   2.864e-11   2.817e-11   2.773e-11   2.731e-11   2.690e-11   2.652e-11   2.615e-11   2.580e-11   2.546e-11   2.513e-11   2.481e-11   2.451e-11   2.422e-11   2.393e-11   2.366e-11   2.339e-11   2.313e-11   2.287e-11   2.262e-11   2.237e-11   2.212e-11   2.187e-11   2.162e-11   2.137e-11   2.112e-11   2.086e-11   2.060e-11   2.034e-11   2.006e-11   1.978e-11   1.950e-11   1.920e-11   1.890e-11
125   17   5   6.882e-11   6.878e-11   6.735e-11   6.602e-11   6.480e-11   6.367e-11   6.262e-11   6.163e-11   6.071e-11   5.985e-11   5.903e-11   5.826e-11   5.753e-11   5.685e-11   5.619e-11   5.557e-11   5.498e-11   5.442e-11   5.387e-11   5.335e-11   5.285e-11   5.237e-11   5.190e-11   5.144e-11   5.099e-11   5.055e-11   5.012e-11   4.968e-11   4.925e-11   4.881e-11   4.837e-11   4.793e-11   4.748e-11   4.702e-11   4.654e-11   4.606e-11   4.556e-11   4.504e-11   4.451e-11   4.396e-11
126   17   6   5.696e-11   5.618e-11   5.508e-11   5.420e-11   5.337e-11   5.256e-11   5.175e-11   5.094e-11   5.014e-11   4.935e-11   4.857e-11   4.780e-11   4.706e-11   4.633e-11   4.562e-11   4.493e-11   4.427e-11   4.362e-11   4.299e-11   4.238e-11   4.178e-11   4.120e-11   4.063e-11   4.007e-11   3.952e-11   3.897e-11   3.843e-11   3.789e-11   3.734e-11   3.679e-11   3.623e-11   3.566e-11   3.507e-11   3.447e-11   3.385e-11   3.321e-11   3.255e-11   3.187e-11   3.116e-11   3.043e-11
127   17   7   8.659e-11   8.507e-11   8.278e-11   8.099e-11   7.955e-11   7.833e-11   7.728e-11   7.634e-11   7.549e-11   7.471e-11   7.400e-11   7.333e-11   7.270e-11   7.211e-11   7.155e-11   7.102e-11   7.051e-11   7.002e-11   6.954e-11   6.909e-11   6.864e-11   6.821e-11   6.778e-11   6.737e-11   6.695e-11   6.654e-11   6.613e-11   6.571e-11   6.529e-11   6.486e-11   6.442e-11   6.397e-11   6.350e-11   6.302e-11   6.253e-11   6.201e-11   6.147e-11   6.092e-11   6.034e-11   5.974e-11
128   17   8   8.774e-11   8.843e-11   8.789e-11   8.716e-11   8.626e-11   8.523e-11   8.411e-11   8.295e-11   8.175e-11   8.055e-11   7.934e-11   7.814e-11   7.696e-11   7.580e-11   7.466e-11   7.355e-11   7.246e-11   7.140e-11   7.037e-11   6.936e-11   6.838e-11   6.741e-11   6.646e-11   6.552e-11   6.460e-11   6.367e-11   6.275e-11   6.182e-11   6.088e-11   5.992e-11   5.895e-11   5.794e-11   5.691e-11   5.585e-11   5.474e-11   5.360e-11   5.241e-11   5.118e-11   4.989e-11   4.856e-11
129   17   9   1.034e-10   1.036e-10   1.018e-10   1.001e-10   9.853e-11   9.707e-11   9.572e-11   9.446e-11   9.328e-11   9.218e-11   9.115e-11   9.019e-11   8.928e-11   8.843e-11   8.762e-11   8.686e-11   8.613e-11   8.544e-11   8.478e-11   8.415e-11   8.354e-11   8.295e-11   8.237e-11   8.181e-11   8.125e-11   8.070e-11   8.014e-11   7.959e-11   7.903e-11   7.845e-11   7.787e-11   7.726e-11   7.664e-11   7.599e-11   7.532e-11   7.462e-11   7.390e-11   7.314e-11   7.235e-11   7.153e-11
130   17   10   9.533e-11   1.008e-10   1.028e-10   1.038e-10   1.043e-10   1.044e-10   1.042e-10   1.039e-10   1.034e-10   1.028e-10   1.021e-10   1.014e-10   1.005e-10   9.969e-11   9.881e-11   9.791e-11   9.700e-11   9.608e-11   9.515e-11   9.422e-11   9.329e-11   9.235e-11   9.142e-11   9.047e-11   8.953e-11   8.856e-11   8.759e-11   8.659e-11   8.557e-11   8.452e-11   8.343e-11   8.230e-11   8.113e-11   7.991e-11   7.864e-11   7.732e-11   7.594e-11   7.449e-11   7.298e-11   7.141e-11
131   17   11   1.120e-10   1.186e-10   1.206e-10   1.210e-10   1.206e-10   1.198e-10   1.187e-10   1.175e-10   1.162e-10   1.150e-10   1.137e-10   1.125e-10   1.113e-10   1.101e-10   1.090e-10   1.079e-10   1.069e-10   1.059e-10   1.050e-10   1.040e-10   1.031e-10   1.022e-10   1.014e-10   1.005e-10   9.972e-11   9.890e-11   9.807e-11   9.725e-11   9.641e-11   9.556e-11   9.469e-11   9.380e-11   9.289e-11   9.194e-11   9.096e-11   8.994e-11   8.889e-11   8.779e-11   8.664e-11   8.545e-11
132   17   12   1.032e-10   1.089e-10   1.106e-10   1.116e-10   1.122e-10   1.126e-10   1.128e-10   1.129e-10   1.129e-10   1.128e-10   1.127e-10   1.124e-10   1.122e-10   1.118e-10   1.115e-10   1.111e-10   1.106e-10   1.102e-10   1.097e-10   1.092e-10   1.087e-10   1.081e-10   1.076e-10   1.070e-10   1.065e-10   1.059e-10   1.053e-10   1.047e-10   1.040e-10   1.034e-10   1.027e-10   1.020e-10   1.012e-10   1.005e-10   9.968e-11   9.886e-11   9.800e-11   9.710e-11   9.616e-11   9.519e-11
133   17   13   1.421e-10   1.515e-10   1.539e-10   1.543e-10   1.538e-10   1.528e-10   1.516e-10   1.502e-10   1.487e-10   1.472e-10   1.458e-10   1.443e-10   1.429e-10   1.416e-10   1.403e-10   1.390e-10   1.378e-10   1.366e-10   1.354e-10   1.343e-10   1.332e-10   1.322e-10   1.311e-10   1.301e-10   1.291e-10   1.281e-10   1.271e-10   1.261e-10   1.251e-10   1.241e-10   1.231e-10   1.220e-10   1.209e-10   1.198e-10   1.186e-10   1.175e-10   1.162e-10   1.149e-10   1.136e-10   1.122e-10
134   17   14   9.939e-11   1.065e-10   1.100e-10   1.124e-10   1.142e-10   1.157e-10   1.169e-10   1.180e-10   1.188e-10   1.195e-10   1.201e-10   1.206e-10   1.210e-10   1.212e-10   1.215e-10   1.216e-10   1.217e-10   1.218e-10   1.218e-10   1.218e-10   1.218e-10   1.217e-10   1.217e-10   1.216e-10   1.214e-10   1.213e-10   1.211e-10   1.209e-10   1.207e-10   1.205e-10   1.202e-10   1.199e-10   1.196e-10   1.192e-10   1.188e-10   1.184e-10   1.179e-10   1.174e-10   1.169e-10   1.163e-10
135   17   15   1.619e-10   1.734e-10   1.776e-10   1.792e-10   1.798e-10   1.797e-10   1.795e-10   1.791e-10   1.788e-10   1.784e-10   1.780e-10   1.776e-10   1.773e-10   1.769e-10   1.766e-10   1.763e-10   1.759e-10   1.756e-10   1.754e-10   1.751e-10   1.748e-10   1.745e-10   1.742e-10   1.739e-10   1.736e-10   1.732e-10   1.729e-10   1.725e-10   1.721e-10   1.716e-10   1.711e-10   1.705e-10   1.698e-10   1.692e-10   1.684e-10   1.676e-10   1.666e-10   1.657e-10   1.646e-10   1.634e-10
136   17   16   9.061e-11   9.968e-11   1.059e-10   1.111e-10   1.162e-10   1.212e-10   1.262e-10   1.312e-10   1.362e-10   1.412e-10   1.461e-10   1.509e-10   1.556e-10   1.602e-10   1.647e-10   1.690e-10   1.733e-10   1.775e-10   1.816e-10   1.855e-10   1.894e-10   1.932e-10   1.970e-10   2.006e-10   2.042e-10   2.077e-10   2.111e-10   2.145e-10   2.178e-10   2.211e-10   2.243e-10   2.275e-10   2.306e-10   2.337e-10   2.367e-10   2.397e-10   2.427e-10   2.456e-10   2.485e-10   2.513e-10
137   18   1   1.450e-12   2.584e-12   3.183e-12   3.541e-12   3.763e-12   3.898e-12   3.974e-12   4.008e-12   4.013e-12   3.996e-12   3.966e-12   3.925e-12   3.879e-12   3.828e-12   3.776e-12   3.723e-12   3.670e-12   3.617e-12   3.564e-12   3.510e-12   3.453e-12   3.394e-12   3.329e-12   3.259e-12   3.180e-12   3.092e-12   2.992e-12   2.878e-12   2.748e-12   2.601e-12   2.435e-12   2.248e-12   2.038e-12   1.805e-12   1.547e-12   1.263e-12   9.525e-13   6.144e-13   2.484e-13    1.457e-13
138   18   2   9.186e-12   1.437e-11   1.589e-11   1.623e-11   1.613e-11   1.587e-11   1.555e-11   1.522e-11   1.490e-11   1.461e-11   1.434e-11   1.409e-11   1.386e-11   1.366e-11   1.347e-11   1.330e-11   1.314e-11   1.300e-11   1.287e-11   1.275e-11   1.264e-11   1.253e-11   1.244e-11   1.236e-11   1.228e-11   1.221e-11   1.216e-11   1.211e-11   1.206e-11   1.203e-11   1.201e-11   1.199e-11   1.198e-11   1.199e-11   1.200e-11   1.202e-11   1.205e-11   1.209e-11   1.214e-11   1.220e-11
139   18   3   9.628e-12   1.543e-11   1.743e-11   1.813e-11   1.830e-11   1.824e-11   1.807e-11   1.786e-11   1.763e-11   1.740e-11   1.717e-11   1.695e-11   1.674e-11   1.654e-11   1.635e-11   1.617e-11   1.600e-11   1.583e-11   1.568e-11   1.553e-11   1.538e-11   1.525e-11   1.512e-11   1.500e-11   1.489e-11   1.479e-11   1.470e-11   1.462e-11   1.455e-11   1.449e-11   1.445e-11   1.443e-11   1.441e-11   1.441e-11   1.443e-11   1.446e-11   1.451e-11   1.458e-11   1.466e-11   1.476e-11
140   18   4   2.904e-11   4.273e-11   4.621e-11   4.697e-11   4.680e-11   4.626e-11   4.557e-11   4.483e-11   4.408e-11   4.335e-11   4.265e-11   4.199e-11   4.136e-11   4.076e-11   4.020e-11   3.966e-11   3.916e-11   3.868e-11   3.822e-11   3.779e-11   3.737e-11   3.698e-11   3.660e-11   3.623e-11   3.587e-11   3.552e-11   3.518e-11   3.484e-11   3.451e-11   3.417e-11   3.384e-11   3.351e-11   3.317e-11   3.283e-11   3.248e-11   3.212e-11   3.176e-11   3.138e-11   3.100e-11   3.061e-11
141   18   5   1.969e-11   2.954e-11   3.222e-11   3.294e-11   3.300e-11   3.281e-11   3.251e-11   3.217e-11   3.180e-11   3.143e-11   3.105e-11   3.068e-11   3.031e-11   2.995e-11   2.959e-11   2.924e-11   2.890e-11   2.857e-11   2.824e-11   2.792e-11   2.760e-11   2.729e-11   2.698e-11   2.668e-11   2.637e-11   2.606e-11   2.574e-11   2.542e-11   2.509e-11   2.475e-11   2.440e-11   2.404e-11   2.366e-11   2.326e-11   2.285e-11   2.241e-11   2.196e-11   2.148e-11   2.098e-11   2.046e-11
142   18   6   4.041e-11   5.991e-11   6.561e-11   6.753e-11   6.803e-11   6.791e-11   6.747e-11   6.687e-11   6.620e-11   6.549e-11   6.477e-11   6.406e-11   6.336e-11   6.268e-11   6.202e-11   6.138e-11   6.076e-11   6.016e-11   5.958e-11   5.902e-11   5.847e-11   5.794e-11   5.742e-11   5.692e-11   5.642e-11   5.593e-11   5.544e-11   5.496e-11   5.447e-11   5.398e-11   5.349e-11   5.299e-11   5.248e-11   5.197e-11   5.143e-11   5.089e-11   5.033e-11   4.975e-11   4.916e-11   4.855e-11
143   18   7   3.132e-11   4.610e-11   5.031e-11   5.176e-11   5.221e-11   5.220e-11   5.195e-11   5.155e-11   5.107e-11   5.054e-11   4.997e-11   4.938e-11   4.878e-11   4.817e-11   4.757e-11   4.697e-11   4.638e-11   4.579e-11   4.522e-11   4.465e-11   4.409e-11   4.354e-11   4.300e-11   4.245e-11   4.191e-11   4.136e-11   4.081e-11   4.025e-11   3.968e-11   3.909e-11   3.849e-11   3.786e-11   3.721e-11   3.654e-11   3.584e-11   3.511e-11   3.434e-11   3.354e-11   3.271e-11   3.184e-11
144   18   8   4.570e-11   6.820e-11   7.483e-11   7.709e-11   7.778e-11   7.781e-11   7.753e-11   7.711e-11   7.662e-11   7.610e-11   7.557e-11   7.503e-11   7.451e-11   7.399e-11   7.348e-11   7.299e-11   7.251e-11   7.203e-11   7.157e-11   7.112e-11   7.067e-11   7.023e-11   6.980e-11   6.937e-11   6.894e-11   6.851e-11   6.808e-11   6.764e-11   6.720e-11   6.674e-11   6.628e-11   6.580e-11   6.531e-11   6.480e-11   6.428e-11   6.373e-11   6.317e-11   6.258e-11   6.198e-11   6.134e-11
145   18   9   4.325e-11   6.528e-11   7.285e-11   7.615e-11   7.770e-11   7.837e-11   7.853e-11   7.837e-11   7.799e-11   7.746e-11   7.683e-11   7.612e-11   7.536e-11   7.456e-11   7.374e-11   7.291e-11   7.206e-11   7.122e-11   7.038e-11   6.954e-11   6.870e-11   6.786e-11   6.702e-11   6.618e-11   6.532e-11   6.446e-11   6.358e-11   6.267e-11   6.174e-11   6.078e-11   5.978e-11   5.873e-11   5.764e-11   5.649e-11   5.530e-11   5.404e-11   5.272e-11   5.133e-11   4.988e-11   4.836e-11
146   18   10   5.062e-11   7.704e-11   8.569e-11   8.908e-11   9.039e-11   9.074e-11   9.059e-11   9.018e-11   8.964e-11   8.903e-11   8.839e-11   8.774e-11   8.710e-11   8.647e-11   8.585e-11   8.526e-11   8.468e-11   8.412e-11   8.358e-11   8.305e-11   8.254e-11   8.203e-11   8.154e-11   8.106e-11   8.058e-11   8.010e-11   7.963e-11   7.916e-11   7.868e-11   7.820e-11   7.771e-11   7.721e-11   7.670e-11   7.618e-11   7.565e-11   7.510e-11   7.453e-11   7.395e-11   7.335e-11   7.273e-11
147   18   11   4.837e-11   7.552e-11   8.591e-11   9.114e-11   9.416e-11   9.601e-11   9.715e-11   9.780e-11   9.810e-11   9.815e-11   9.800e-11   9.770e-11   9.728e-11   9.678e-11   9.620e-11   9.557e-11   9.490e-11   9.419e-11   9.346e-11   9.270e-11   9.193e-11   9.114e-11   9.033e-11   8.950e-11   8.864e-11   8.777e-11   8.686e-11   8.592e-11   8.494e-11   8.392e-11   8.285e-11   8.172e-11   8.054e-11   7.930e-11   7.800e-11   7.662e-11   7.518e-11   7.366e-11   7.206e-11   7.039e-11
148   18   12   5.537e-11   8.561e-11   9.717e-11   1.028e-10   1.058e-10   1.074e-10   1.081e-10   1.083e-10   1.081e-10   1.078e-10   1.073e-10   1.067e-10   1.060e-10   1.053e-10   1.046e-10   1.038e-10   1.031e-10   1.023e-10   1.016e-10   1.009e-10   1.001e-10   9.941e-11   9.868e-11   9.795e-11   9.722e-11   9.647e-11   9.571e-11   9.493e-11   9.412e-11   9.328e-11   9.241e-11   9.150e-11   9.054e-11   8.954e-11   8.848e-11   8.738e-11   8.621e-11   8.499e-11   8.370e-11   8.236e-11
149   18   13   5.225e-11   8.119e-11   9.219e-11   9.785e-11   1.013e-10   1.036e-10   1.052e-10   1.064e-10   1.072e-10   1.078e-10   1.082e-10   1.084e-10   1.085e-10   1.085e-10   1.084e-10   1.083e-10   1.081e-10   1.078e-10   1.075e-10   1.072e-10   1.068e-10   1.065e-10   1.060e-10   1.056e-10   1.051e-10   1.047e-10   1.042e-10   1.036e-10   1.031e-10   1.025e-10   1.019e-10   1.013e-10   1.006e-10   9.990e-11   9.917e-11   9.841e-11   9.761e-11   9.677e-11   9.589e-11   9.498e-11
150   18   14   7.206e-11   1.121e-10   1.274e-10   1.346e-10   1.382e-10   1.399e-10   1.405e-10   1.406e-10   1.402e-10   1.397e-10   1.389e-10   1.381e-10   1.372e-10   1.363e-10   1.354e-10   1.344e-10   1.335e-10   1.326e-10   1.316e-10   1.307e-10   1.298e-10   1.289e-10   1.280e-10   1.271e-10   1.262e-10   1.253e-10   1.244e-10   1.235e-10   1.225e-10   1.215e-10   1.205e-10   1.194e-10   1.183e-10   1.172e-10   1.160e-10   1.147e-10   1.134e-10   1.121e-10   1.107e-10   1.092e-10
151   18   15   4.873e-11   7.843e-11   9.129e-11   9.846e-11   1.031e-10   1.064e-10   1.088e-10   1.107e-10   1.123e-10   1.135e-10   1.145e-10   1.153e-10   1.160e-10   1.166e-10   1.170e-10   1.174e-10   1.177e-10   1.180e-10   1.182e-10   1.183e-10   1.184e-10   1.185e-10   1.186e-10   1.186e-10   1.186e-10   1.185e-10   1.184e-10   1.183e-10   1.182e-10   1.180e-10   1.178e-10   1.176e-10   1.173e-10   1.170e-10   1.167e-10   1.163e-10   1.159e-10   1.154e-10   1.149e-10   1.143e-10
152   18   16   8.108e-11   1.262e-10   1.445e-10   1.538e-10   1.590e-10   1.621e-10   1.640e-10   1.652e-10   1.661e-10   1.666e-10   1.670e-10   1.672e-10   1.674e-10   1.675e-10   1.676e-10   1.676e-10   1.677e-10   1.677e-10   1.677e-10   1.676e-10   1.676e-10   1.675e-10   1.675e-10   1.674e-10   1.672e-10   1.671e-10   1.669e-10   1.667e-10   1.664e-10   1.661e-10   1.657e-10   1.653e-10   1.648e-10   1.643e-10   1.637e-10   1.630e-10   1.622e-10   1.614e-10   1.604e-10   1.594e-10
153   18   17   4.652e-11   7.501e-11   8.803e-11   9.644e-11   1.032e-10   1.092e-10   1.149e-10   1.204e-10   1.257e-10   1.309e-10   1.360e-10   1.409e-10   1.457e-10   1.504e-10   1.550e-10   1.595e-10   1.639e-10   1.682e-10   1.723e-10   1.764e-10   1.804e-10   1.843e-10   1.882e-10   1.920e-10   1.957e-10   1.993e-10   2.029e-10   2.065e-10   2.100e-10   2.135e-10   2.169e-10   2.203e-10   2.237e-10   2.271e-10   2.304e-10   2.338e-10   2.371e-10   2.404e-10   2.437e-10   2.470e-10
154   19   1   4.101e-12   4.616e-12   4.566e-12   4.382e-12   4.176e-12   3.984e-12   3.818e-12   3.677e-12   3.559e-12   3.463e-12   3.384e-12   3.319e-12   3.266e-12   3.222e-12   3.186e-12   3.157e-12   3.133e-12   3.114e-12   3.100e-12   3.090e-12   3.084e-12   3.083e-12   3.087e-12   3.098e-12   3.114e-12   3.139e-12   3.171e-12   3.212e-12   3.263e-12   3.325e-12   3.398e-12   3.483e-12   3.581e-12   3.693e-12   3.819e-12   3.959e-12   4.114e-12   4.284e-12   4.469e-12   4.670e-12
155   19   2   1.118e-11   1.094e-11   1.058e-11   1.039e-11   1.028e-11   1.020e-11   1.013e-11   1.006e-11   9.993e-12   9.915e-12   9.832e-12   9.745e-12   9.654e-12   9.559e-12   9.463e-12   9.366e-12   9.267e-12   9.168e-12   9.068e-12   8.967e-12   8.866e-12   8.762e-12   8.656e-12   8.548e-12   8.436e-12   8.319e-12   8.196e-12   8.067e-12   7.930e-12   7.785e-12   7.631e-12   7.466e-12   7.289e-12   7.101e-12   6.900e-12   6.686e-12   6.458e-12   6.216e-12   5.960e-12   5.689e-12
156   19   3   2.908e-11   2.766e-11   2.655e-11   2.580e-11   2.520e-11   2.467e-11   2.417e-11   2.371e-11   2.328e-11   2.289e-11   2.252e-11   2.218e-11   2.187e-11   2.158e-11   2.131e-11   2.106e-11   2.083e-11   2.061e-11   2.041e-11   2.022e-11   2.004e-11   1.988e-11   1.972e-11   1.957e-11   1.944e-11   1.930e-11   1.918e-11   1.906e-11   1.895e-11   1.885e-11   1.875e-11   1.866e-11   1.857e-11   1.849e-11   1.841e-11   1.833e-11   1.826e-11   1.819e-11   1.813e-11   1.806e-11
157   19   4   2.423e-11   2.432e-11   2.410e-11   2.394e-11   2.375e-11   2.354e-11   2.330e-11   2.304e-11   2.277e-11   2.250e-11   2.223e-11   2.196e-11   2.170e-11   2.145e-11   2.120e-11   2.096e-11   2.073e-11   2.050e-11   2.028e-11   2.006e-11   1.985e-11   1.964e-11   1.945e-11   1.925e-11   1.906e-11   1.888e-11   1.870e-11   1.853e-11   1.836e-11   1.819e-11   1.803e-11   1.787e-11   1.771e-11   1.756e-11   1.741e-11   1.726e-11   1.711e-11   1.696e-11   1.682e-11   1.667e-11
158   19   5   6.653e-11   6.545e-11   6.334e-11   6.141e-11   5.965e-11   5.803e-11   5.655e-11   5.520e-11   5.395e-11   5.281e-11   5.176e-11   5.079e-11   4.989e-11   4.905e-11   4.827e-11   4.754e-11   4.686e-11   4.621e-11   4.560e-11   4.503e-11   4.448e-11   4.396e-11   4.345e-11   4.297e-11   4.250e-11   4.205e-11   4.160e-11   4.116e-11   4.073e-11   4.030e-11   3.986e-11   3.943e-11   3.899e-11   3.855e-11   3.809e-11   3.763e-11   3.716e-11   3.667e-11   3.618e-11   3.567e-11
159   19   6   3.985e-11   4.081e-11   4.029e-11   3.956e-11   3.881e-11   3.808e-11   3.739e-11   3.674e-11   3.613e-11   3.556e-11   3.502e-11   3.451e-11   3.402e-11   3.357e-11   3.313e-11   3.271e-11   3.231e-11   3.192e-11   3.155e-11   3.120e-11   3.085e-11   3.052e-11   3.019e-11   2.988e-11   2.957e-11   2.927e-11   2.897e-11   2.868e-11   2.839e-11   2.810e-11   2.781e-11   2.752e-11   2.723e-11   2.694e-11   2.665e-11   2.635e-11   2.605e-11   2.575e-11   2.544e-11   2.512e-11
160   19   7   8.248e-11   8.414e-11   8.310e-11   8.160e-11   8.001e-11   7.844e-11   7.694e-11   7.552e-11   7.419e-11   7.295e-11   7.179e-11   7.070e-11   6.967e-11   6.870e-11   6.779e-11   6.692e-11   6.609e-11   6.531e-11   6.455e-11   6.383e-11   6.313e-11   6.246e-11   6.180e-11   6.116e-11   6.053e-11   5.990e-11   5.928e-11   5.866e-11   5.803e-11   5.739e-11   5.674e-11   5.607e-11   5.539e-11   5.468e-11   5.395e-11   5.320e-11   5.242e-11   5.160e-11   5.076e-11   4.989e-11
161   19   8   6.068e-11   6.073e-11   5.948e-11   5.832e-11   5.729e-11   5.636e-11   5.549e-11   5.467e-11   5.388e-11   5.313e-11   5.240e-11   5.169e-11   5.101e-11   5.034e-11   4.969e-11   4.906e-11   4.845e-11   4.785e-11   4.727e-11   4.670e-11   4.614e-11   4.559e-11   4.505e-11   4.451e-11   4.397e-11   4.343e-11   4.289e-11   4.234e-11   4.177e-11   4.120e-11   4.061e-11   3.999e-11   3.936e-11   3.870e-11   3.802e-11   3.730e-11   3.656e-11   3.579e-11   3.498e-11   3.414e-11
162   19   9   9.112e-11   9.163e-11   8.977e-11   8.785e-11   8.611e-11   8.455e-11   8.317e-11   8.194e-11   8.084e-11   7.985e-11   7.894e-11   7.811e-11   7.734e-11   7.662e-11   7.595e-11   7.531e-11   7.471e-11   7.414e-11   7.359e-11   7.306e-11   7.254e-11   7.205e-11   7.156e-11   7.108e-11   7.062e-11   7.015e-11   6.969e-11   6.922e-11   6.876e-11   6.829e-11   6.781e-11   6.733e-11   6.684e-11   6.633e-11   6.581e-11   6.528e-11   6.474e-11   6.417e-11   6.359e-11   6.299e-11
163   19   10   7.935e-11   8.168e-11   8.183e-11   8.156e-11   8.113e-11   8.058e-11   7.995e-11   7.926e-11   7.852e-11   7.774e-11   7.694e-11   7.612e-11   7.529e-11   7.445e-11   7.361e-11   7.277e-11   7.194e-11   7.111e-11   7.028e-11   6.946e-11   6.865e-11   6.784e-11   6.702e-11   6.620e-11   6.536e-11   6.451e-11   6.364e-11   6.274e-11   6.181e-11   6.084e-11   5.983e-11   5.877e-11   5.765e-11   5.648e-11   5.524e-11   5.394e-11   5.258e-11   5.114e-11   4.962e-11   4.804e-11
164   19   11   9.782e-11   9.976e-11   9.917e-11   9.807e-11   9.680e-11   9.549e-11   9.421e-11   9.300e-11   9.185e-11   9.079e-11   8.980e-11   8.887e-11   8.801e-11   8.720e-11   8.644e-11   8.572e-11   8.504e-11   8.440e-11   8.378e-11   8.319e-11   8.262e-11   8.207e-11   8.152e-11   8.099e-11   8.046e-11   7.993e-11   7.940e-11   7.886e-11   7.832e-11   7.775e-11   7.718e-11   7.658e-11   7.596e-11   7.531e-11   7.464e-11   7.394e-11   7.321e-11   7.245e-11   7.165e-11   7.083e-11
165   19   12   8.766e-11   9.343e-11   9.559e-11   9.679e-11   9.755e-11   9.803e-11   9.828e-11   9.836e-11   9.828e-11   9.807e-11   9.775e-11   9.734e-11   9.685e-11   9.630e-11   9.570e-11   9.506e-11   9.439e-11   9.368e-11   9.296e-11   9.221e-11   9.144e-11   9.065e-11   8.984e-11   8.900e-11   8.812e-11   8.721e-11   8.625e-11   8.525e-11   8.419e-11   8.306e-11   8.187e-11   8.061e-11   7.927e-11   7.784e-11   7.632e-11   7.471e-11   7.301e-11   7.120e-11   6.929e-11   6.728e-11
166   19   13   1.051e-10   1.080e-10   1.089e-10   1.094e-10   1.095e-10   1.094e-10   1.090e-10   1.086e-10   1.080e-10   1.073e-10   1.066e-10   1.059e-10   1.052e-10   1.044e-10   1.037e-10   1.029e-10   1.021e-10   1.014e-10   1.006e-10   9.990e-11   9.916e-11   9.840e-11   9.764e-11   9.686e-11   9.605e-11   9.521e-11   9.434e-11   9.341e-11   9.243e-11   9.138e-11   9.026e-11   8.906e-11   8.778e-11   8.641e-11   8.494e-11   8.337e-11   8.170e-11   7.991e-11   7.802e-11   7.601e-11
167   19   14   9.195e-11   9.737e-11   9.991e-11   1.017e-10   1.031e-10   1.042e-10   1.050e-10   1.057e-10   1.062e-10   1.065e-10   1.068e-10   1.069e-10   1.070e-10   1.070e-10   1.069e-10   1.068e-10   1.066e-10   1.064e-10   1.062e-10   1.059e-10   1.056e-10   1.053e-10   1.049e-10   1.046e-10   1.042e-10   1.038e-10   1.033e-10   1.029e-10   1.024e-10   1.019e-10   1.014e-10   1.009e-10   1.004e-10   9.977e-11   9.917e-11   9.854e-11   9.788e-11   9.720e-11   9.649e-11   9.575e-11
168   19   15   1.336e-10   1.403e-10   1.428e-10   1.440e-10   1.445e-10   1.444e-10   1.439e-10   1.433e-10   1.424e-10   1.415e-10   1.405e-10   1.395e-10   1.384e-10   1.373e-10   1.363e-10   1.352e-10   1.342e-10   1.332e-10   1.322e-10   1.312e-10   1.302e-10   1.292e-10   1.282e-10   1.272e-10   1.262e-10   1.251e-10   1.240e-10   1.229e-10   1.217e-10   1.205e-10   1.192e-10   1.178e-10   1.163e-10   1.147e-10   1.131e-10   1.113e-10   1.095e-10   1.075e-10   1.054e-10   1.032e-10
169   19   16   8.818e-11   9.406e-11   9.841e-11   1.020e-10   1.048e-10   1.071e-10   1.089e-10   1.104e-10   1.116e-10   1.126e-10   1.135e-10   1.142e-10   1.148e-10   1.153e-10   1.158e-10   1.161e-10   1.164e-10   1.167e-10   1.169e-10   1.171e-10   1.172e-10   1.173e-10   1.174e-10   1.175e-10   1.175e-10   1.175e-10   1.175e-10   1.174e-10   1.173e-10   1.172e-10   1.171e-10   1.169e-10   1.167e-10   1.165e-10   1.162e-10   1.159e-10   1.156e-10   1.153e-10   1.149e-10   1.144e-10
170   19   17   1.642e-10   1.683e-10   1.693e-10   1.699e-10   1.702e-10   1.703e-10   1.702e-10   1.700e-10   1.697e-10   1.695e-10   1.692e-10   1.689e-10   1.687e-10   1.684e-10   1.682e-10   1.679e-10   1.677e-10   1.675e-10   1.673e-10   1.672e-10   1.670e-10   1.668e-10   1.666e-10   1.664e-10   1.661e-10   1.659e-10   1.656e-10   1.653e-10   1.649e-10   1.645e-10   1.640e-10   1.634e-10   1.628e-10   1.621e-10   1.614e-10   1.605e-10   1.596e-10   1.586e-10   1.575e-10   1.563e-10
171   19   18   8.634e-11   9.341e-11   9.796e-11   1.019e-10   1.059e-10   1.100e-10   1.143e-10   1.188e-10   1.233e-10   1.279e-10   1.324e-10   1.370e-10   1.414e-10   1.458e-10   1.502e-10   1.545e-10   1.587e-10   1.628e-10   1.668e-10   1.708e-10   1.746e-10   1.784e-10   1.821e-10   1.858e-10   1.893e-10   1.928e-10   1.962e-10   1.995e-10   2.028e-10   2.059e-10   2.090e-10   2.121e-10   2.150e-10   2.179e-10   2.207e-10   2.234e-10   2.260e-10   2.286e-10   2.311e-10   2.335e-10
172   20   4   4.230e-11   3.988e-11   3.696e-11   3.497e-11   3.358e-11   3.253e-11   3.169e-11   3.098e-11   3.037e-11   2.982e-11   2.933e-11   2.888e-11   2.846e-11   2.808e-11   2.773e-11   2.740e-11   2.709e-11   2.679e-11   2.652e-11   2.625e-11   2.600e-11   2.576e-11   2.553e-11   2.530e-11   2.508e-11   2.486e-11   2.464e-11   2.442e-11   2.420e-11   2.398e-11   2.376e-11   2.352e-11   2.328e-11   2.303e-11   2.277e-11   2.251e-11   2.223e-11   2.193e-11   2.163e-11   2.131e-11
173   20   5   3.083e-11   3.085e-11   2.967e-11   2.881e-11   2.819e-11   2.770e-11   2.729e-11   2.693e-11   2.659e-11   2.627e-11   2.596e-11   2.566e-11   2.538e-11   2.510e-11   2.483e-11   2.456e-11   2.431e-11   2.405e-11   2.381e-11   2.357e-11   2.334e-11   2.311e-11   2.289e-11   2.267e-11   2.246e-11   2.224e-11   2.204e-11   2.183e-11   2.163e-11   2.143e-11   2.123e-11   2.103e-11   2.083e-11   2.063e-11   2.043e-11   2.023e-11   2.002e-11   1.982e-11   1.961e-11   1.940e-11
174   20   6   7.913e-11   7.691e-11   7.276e-11   6.948e-11   6.685e-11   6.464e-11   6.273e-11   6.105e-11   5.956e-11   5.821e-11   5.698e-11   5.586e-11   5.482e-11   5.386e-11   5.296e-11   5.212e-11   5.133e-11   5.059e-11   4.989e-11   4.922e-11   4.857e-11   4.796e-11   4.736e-11   4.677e-11   4.620e-11   4.563e-11   4.506e-11   4.449e-11   4.391e-11   4.332e-11   4.272e-11   4.210e-11   4.147e-11   4.080e-11   4.012e-11   3.940e-11   3.866e-11   3.788e-11   3.707e-11   3.623e-11
175   20   7   4.353e-11   4.427e-11   4.318e-11   4.217e-11   4.130e-11   4.052e-11   3.981e-11   3.915e-11   3.854e-11   3.797e-11   3.743e-11   3.693e-11   3.645e-11   3.600e-11   3.557e-11   3.516e-11   3.476e-11   3.439e-11   3.402e-11   3.368e-11   3.334e-11   3.302e-11   3.272e-11   3.242e-11   3.214e-11   3.187e-11   3.160e-11   3.135e-11   3.111e-11   3.089e-11   3.067e-11   3.046e-11   3.026e-11   3.007e-11   2.988e-11   2.971e-11   2.955e-11   2.939e-11   2.924e-11   2.910e-11
176   20   8   8.824e-11   8.973e-11   8.760e-11   8.549e-11   8.353e-11   8.173e-11   8.005e-11   7.850e-11   7.706e-11   7.572e-11   7.447e-11   7.330e-11   7.220e-11   7.117e-11   7.020e-11   6.928e-11   6.840e-11   6.757e-11   6.677e-11   6.601e-11   6.527e-11   6.456e-11   6.387e-11   6.319e-11   6.252e-11   6.186e-11   6.120e-11   6.055e-11   5.989e-11   5.922e-11   5.854e-11   5.784e-11   5.713e-11   5.640e-11   5.565e-11   5.487e-11   5.407e-11   5.324e-11   5.238e-11   5.149e-11
177   20   9   6.275e-11   6.301e-11   6.096e-11   5.933e-11   5.804e-11   5.695e-11   5.597e-11   5.508e-11   5.424e-11   5.346e-11   5.271e-11   5.199e-11   5.131e-11   5.065e-11   5.001e-11   4.940e-11   4.881e-11   4.824e-11   4.769e-11   4.715e-11   4.663e-11   4.612e-11   4.562e-11   4.514e-11   4.466e-11   4.419e-11   4.372e-11   4.326e-11   4.279e-11   4.233e-11   4.187e-11   4.140e-11   4.093e-11   4.045e-11   3.996e-11   3.946e-11   3.896e-11   3.844e-11   3.791e-11   3.737e-11
178   20   10   1.011e-10   9.985e-11   9.596e-11   9.285e-11   9.036e-11   8.828e-11   8.651e-11   8.498e-11   8.362e-11   8.241e-11   8.132e-11   8.033e-11   7.942e-11   7.857e-11   7.778e-11   7.704e-11   7.634e-11   7.568e-11   7.504e-11   7.442e-11   7.382e-11   7.324e-11   7.266e-11   7.209e-11   7.151e-11   7.092e-11   7.033e-11   6.971e-11   6.908e-11   6.842e-11   6.773e-11   6.700e-11   6.624e-11   6.545e-11   6.460e-11   6.372e-11   6.278e-11   6.180e-11   6.077e-11   5.968e-11
179   20   11   8.345e-11   8.472e-11   8.315e-11   8.202e-11   8.118e-11   8.044e-11   7.973e-11   7.900e-11   7.825e-11   7.747e-11   7.668e-11   7.587e-11   7.505e-11   7.423e-11   7.342e-11   7.260e-11   7.179e-11   7.099e-11   7.019e-11   6.940e-11   6.861e-11   6.782e-11   6.702e-11   6.622e-11   6.540e-11   6.457e-11   6.372e-11   6.283e-11   6.192e-11   6.096e-11   5.997e-11   5.892e-11   5.782e-11   5.667e-11   5.545e-11   5.417e-11   5.282e-11   5.141e-11   4.992e-11   4.837e-11
180   20   12   1.080e-10   1.074e-10   1.038e-10   1.010e-10   9.870e-11   9.679e-11   9.515e-11   9.370e-11   9.241e-11   9.125e-11   9.020e-11   8.923e-11   8.833e-11   8.750e-11   8.672e-11   8.598e-11   8.529e-11   8.463e-11   8.399e-11   8.337e-11   8.277e-11   8.218e-11   8.159e-11   8.100e-11   8.039e-11   7.977e-11   7.913e-11   7.846e-11   7.775e-11   7.701e-11   7.622e-11   7.539e-11   7.449e-11   7.355e-11   7.254e-11   7.146e-11   7.032e-11   6.911e-11   6.783e-11   6.648e-11
181   20   13   9.443e-11   9.760e-11   9.758e-11   9.782e-11   9.817e-11   9.846e-11   9.863e-11   9.866e-11   9.855e-11   9.833e-11   9.801e-11   9.760e-11   9.712e-11   9.658e-11   9.600e-11   9.538e-11   9.473e-11   9.405e-11   9.335e-11   9.263e-11   9.189e-11   9.112e-11   9.034e-11   8.952e-11   8.868e-11   8.780e-11   8.689e-11   8.592e-11   8.491e-11   8.384e-11   8.272e-11   8.152e-11   8.026e-11   7.892e-11   7.750e-11   7.600e-11   7.441e-11   7.274e-11   7.098e-11   6.912e-11
182   20   14   1.114e-10   1.111e-10   1.090e-10   1.079e-10   1.073e-10   1.068e-10   1.063e-10   1.058e-10   1.053e-10   1.047e-10   1.041e-10   1.034e-10   1.028e-10   1.021e-10   1.014e-10   1.008e-10   1.001e-10   9.940e-11   9.872e-11   9.804e-11   9.734e-11   9.663e-11   9.589e-11   9.512e-11   9.432e-11   9.346e-11   9.255e-11   9.157e-11   9.052e-11   8.938e-11   8.815e-11   8.682e-11   8.537e-11   8.382e-11   8.214e-11   8.033e-11   7.840e-11   7.633e-11   7.412e-11   7.178e-11
183   20   15   1.028e-10   1.046e-10   1.036e-10   1.032e-10   1.032e-10   1.035e-10   1.038e-10   1.040e-10   1.043e-10   1.045e-10   1.046e-10   1.047e-10   1.047e-10   1.047e-10   1.047e-10   1.046e-10   1.045e-10   1.043e-10   1.041e-10   1.039e-10   1.037e-10   1.034e-10   1.032e-10   1.029e-10   1.026e-10   1.022e-10   1.019e-10   1.015e-10   1.011e-10   1.007e-10   1.003e-10   9.987e-11   9.941e-11   9.893e-11   9.843e-11   9.791e-11   9.737e-11   9.681e-11   9.622e-11   9.561e-11
184   20   16   1.436e-10   1.467e-10   1.446e-10   1.431e-10   1.420e-10   1.410e-10   1.402e-10   1.393e-10   1.384e-10   1.375e-10   1.366e-10   1.357e-10   1.347e-10   1.338e-10   1.329e-10   1.320e-10   1.310e-10   1.301e-10   1.292e-10   1.283e-10   1.274e-10   1.264e-10   1.254e-10   1.244e-10   1.234e-10   1.223e-10   1.211e-10   1.199e-10   1.185e-10   1.171e-10   1.156e-10   1.139e-10   1.121e-10   1.102e-10   1.081e-10   1.059e-10   1.035e-10   1.010e-10   9.826e-11   9.540e-11
185   20   17   9.956e-11   1.023e-10   1.026e-10   1.034e-10   1.045e-10   1.057e-10   1.068e-10   1.079e-10   1.088e-10   1.097e-10   1.104e-10   1.111e-10   1.117e-10   1.122e-10   1.127e-10   1.131e-10   1.134e-10   1.138e-10   1.140e-10   1.143e-10   1.144e-10   1.146e-10   1.147e-10   1.148e-10   1.148e-10   1.148e-10   1.147e-10   1.146e-10   1.144e-10   1.141e-10   1.138e-10   1.135e-10   1.131e-10   1.126e-10   1.120e-10   1.113e-10   1.106e-10   1.098e-10   1.089e-10   1.080e-10
186   20   18   1.799e-10   1.805e-10   1.773e-10   1.752e-10   1.737e-10   1.725e-10   1.716e-10   1.708e-10   1.701e-10   1.695e-10   1.689e-10   1.685e-10   1.680e-10   1.677e-10   1.673e-10   1.670e-10   1.668e-10   1.665e-10   1.663e-10   1.661e-10   1.659e-10   1.656e-10   1.654e-10   1.651e-10   1.648e-10   1.645e-10   1.641e-10   1.637e-10   1.632e-10   1.627e-10   1.620e-10   1.613e-10   1.605e-10   1.596e-10   1.586e-10   1.575e-10   1.563e-10   1.549e-10   1.535e-10   1.519e-10
187   20   19   9.390e-11   9.860e-11   1.005e-10   1.029e-10   1.058e-10   1.092e-10   1.128e-10   1.167e-10   1.208e-10   1.249e-10   1.292e-10   1.334e-10   1.376e-10   1.418e-10   1.460e-10   1.501e-10   1.541e-10   1.582e-10   1.621e-10   1.660e-10   1.699e-10   1.737e-10   1.775e-10   1.813e-10   1.850e-10   1.887e-10   1.924e-10   1.961e-10   1.998e-10   2.035e-10   2.072e-10   2.110e-10   2.147e-10   2.185e-10   2.224e-10   2.263e-10   2.302e-10   2.341e-10   2.382e-10   2.422e-10
